524.452221539867
(1, -1, 4.62911808961286e-6, 0.998027071397763, 1.0)
(-1, 1, 9.25823617912652e-6, 0.992116070485593, 0.5)
(1, -1, 0.0000138873542684418, 0.982290321229023, 0.3333333333333333)
(1, 1, 0.0000185164723574595, 0.968588594631548, 0.25)
(1, -1, 0.0000231455904460804, 0.951064955749776, 0.2)
(-1, 1, 0.0000277747085342053, 0.929788550360436, 0.16666666666666666)
(-1, -1, 0.0000324038266217350, 0.904843332121021, 0.14285714285714285)
(-1, 1, 0.0000370329447085704, 0.876327731300636, 0.125)
(1, -1, 0.0000416620627946122, 0.844354266388219, 0.1111111111111111)
(-1, 1, 0.0000462911808797612, 0.809049100110646, 0.1)
(-1, -1, 0.0000509202989639183, 0.770551541612630, 0.09090909090909091)
(1, 1, 0.0000555494170469842, 0.729013496762723, 0.08333333333333333)
(-1, -1, 0.0000601785351288598, 0.684598868754457, 0.07692307692307693)
(1, 1, 0.0000648076532094458, 0.637482911367743, 0.07142857142857142)
(1, -1, 0.0000694367712886430, 0.587851537442479, 0.06666666666666667)
(1, 1, 0.0000740658893663524, 0.535900585293038, 0.0625)
(1, -1, 0.0000786950074424746, 0.481835045958237, 0.058823529411764705)
(-1, 1, 0.0000833241255169104, 0.425868254335974, 0.05555555555555555)
(-1, -1, 0.0000879532435895607, 0.368221047394183, 0.05263157894736842)
(1, 1, 0.0000925823616603263, 0.309120892779693, 0.05)
(-1, -1, 0.0000972114797291080, 0.248800991263375, 0.047619047619047616)
(1, 1, 0.000101840597795807, 0.187499356563200, 0.045454545454545456)
(1, -1, 0.000106469715860323, 0.125457876176097, 0.043478260869565216)
(-1, 1, 0.000111098833922557, 0.0629213569244260, 0.041666666666666664)
(1, -1, 0.000115727951982411, 0.000136558983219803, 0.04)
(1, 1, 0.000120357070039786, -0.0626487778002345, 0.038461538461538464)
(1, -1, 0.000124986188094581, -0.125186911452454, 0.037037037037037035)
(-1, 1, 0.000129615306146697, -0.187231075428213, 0.03571428571428571)
(1, -1, 0.000134244424196037, -0.248536452316093, 0.034482758620689655)
(-1, 1, 0.000138873542242499, -0.308861139853027, 0.03333333333333333)
(-1, -1, 0.000143502660285986, -0.367967105436090, 0.03225806451612903)
(-1, 1, 0.000148131778326397, -0.425621125365159, 0.03125)
(-1, -1, 0.000152760896363635, -0.481595705110330, 0.030303030303030304)
(-1, 1, 0.000157390014397598, -0.535669976972848, 0.029411764705882353)
(-1, -1, 0.000162019132428190, -0.587630571597508, 0.02857142857142857)
(1, 1, 0.000166648250455309, -0.637272459897661, 0.027777777777777776)
(-1, -1, 0.000171277368478857, -0.684399762070715, 0.02702702702702703)
(1, 1, 0.000175906486498735, -0.728826520511862, 0.02631578947368421)
(-1, -1, 0.000180535604514844, -0.770377433576237, 0.02564102564102564)
(-1, 1, 0.000185164722527083, -0.808888547294172, 0.025)
(-1, -1, 0.000189793840535356, -0.844207902310150, 0.024390243902439025)
(1, 1, 0.000194422958539560, -0.876196133492724, 0.023809523809523808)
(1, -1, 0.000199052076539599, -0.904727019849425, 0.023255813953488372)
(-1, 1, 0.000203681194535373, -0.929687982576772, 0.022727272727272728)
(1, -1, 0.000208310312526781, -0.950980529280156, 0.022222222222222223)
(-1, 1, 0.000212939430513726, -0.968520642610766, 0.021739130434782608)
(1, -1, 0.000217568548496108, -0.982239111786050, 0.02127659574468085)
(1, 1, 0.000222197666473828, -0.992081805685578, 0.020833333333333332)
(1, -1, 0.000226826784446786, -0.998009886444715, 0.02040816326530612)
(-1, 1, 0.000231455902414883, -0.999999962703288, 0.02)
(1, -1, 0.000236085020378021, -0.998044181904556, 0.0196078431372549)
(-1, 1, 0.000240714138336100, -0.992150261280274, 0.019230769230769232)
(1, -1, 0.000245343256289020, -0.982341457399599, 0.018867924528301886)
(-1, 1, 0.000249972374236684, -0.968656474401991, 0.018518518518518517)
(-1, -1, 0.000254601492178990, -0.951149311276205, 0.01818181818181818)
(1, 1, 0.000259230610115841, -0.929889048787990, 0.017857142857142856)
(-1, -1, 0.000263859728047137, -0.904959576897254, 0.017543859649122806)
(-1, 1, 0.000268488845972778, -0.876459263740261, 0.017241379310344827)
(-1, -1, 0.000273117963892667, -0.844500567483012, 0.01694915254237288)
(1, 1, 0.000277747081806702, -0.809209592577378, 0.016666666666666666)
(1, -1, 0.000282376199714786, -0.770725592170945, 0.01639344262295082)
(1, 1, 0.000287005317616819, -0.729200418633971, 0.016129032258064516)
(-1, -1, 0.000291634435512702, -0.684797924371627, 0.015873015873015872)
(1, 1, 0.000296263553402336, -0.637693315285792, 0.015625)
(-1, -1, 0.000300892671285620, -0.588072459437592, 0.015384615384615385)
(1, 1, 0.000305521789162457, -0.536131153638569, 0.015151515151515152)
(-1, -1, 0.000310150907032748, -0.482074350864418, 0.014925373134328358)
(1, 1, 0.000314780024896392, -0.426115351539818, 0.014705882352941176)
(1, -1, 0.000319409142753290, -0.368474961885407, 0.014492753623188406)
(1, 1, 0.000324038260603345, -0.309380622647973, 0.014285714285714285)
(1, -1, 0.000328667378446455, -0.249065511651739, 0.014084507042253521)
(-1, 1, 0.000333296496282523, -0.187767623711968, 0.013888888888888888)
(-1, -1, 0.000337925614111448, -0.125728831541407, 0.0136986301369863)
(1, 1, 0.000342554731933132, -0.0631939313550980, 0.013513513513513514)
(1, -1, 0.000347183849747476, -0.000409676939472662, 0.013333333333333334)
(-1, 1, 0.000351812967554380, 0.0623761940028562, 0.013157894736842105)
(1, -1, 0.000356442085353745, 0.124915937390691, 0.012987012987012988)
(1, 1, 0.000361071203145471, 0.186962780327019, 0.01282051282051282)
(-1, -1, 0.000365700320929461, 0.248271894829626, 0.012658227848101266)
(1, 1, 0.000370329438705614, 0.308601363887351, 0.0125)
(1, -1, 0.000374958556473831, 0.367713136030070, 0.012345679012345678)
(1, 1, 0.000379587674234014, 0.425373964645807, 0.012195121951219513)
(-1, -1, 0.000384216791986062, 0.481356328338550, 0.012048192771084338)
(-1, 1, 0.000388845909729877, 0.535439328695200, 0.011904761904761904)
(1, -1, 0.000393475027465360, 0.587409561919160, 0.011764705882352941)
(-1, 1, 0.000398104145192411, 0.637061960891244, 0.011627906976744186)
(1, -1, 0.000402733262910931, 0.684200604335251, 0.011494252873563218)
(1, 1, 0.000407362380620821, 0.728639489895336, 0.011363636363636364)
(1, -1, 0.000411991498321982, 0.770203268074754, 0.011235955056179775)
(-1, 1, 0.000416620616014314, 0.808727934139931, 0.011111111111111112)
(1, -1, 0.000421249733697719, 0.844061475259723, 0.01098901098901099)
(1, 1, 0.000425878851372097, 0.876064470326344, 0.010869565217391304)
(-1, -1, 0.000430507969037348, 0.904610640091144, 0.010752688172043012)
(-1, 1, 0.000435137086693375, 0.929587345444498, 0.010638297872340425)
(-1, -1, 0.000439766204340077, 0.950896031873643, 0.010526315789473684)
(-1, 1, 0.000444395321977356, 0.968452618344714, 0.010416666666666666)
(1, -1, 0.000449024439605111, 0.982187829074499, 0.010309278350515464)
(-1, 1, 0.000453653557223245, 0.992047466882785, 0.01020408163265306)
(-1, -1, 0.000458282674831657, 0.997992627046692, 0.010101010101010102)
(1, 1, 0.000462911792430249, 0.999999850813156, 0.01)
(-1, -1, 0.000467540910018921, 0.998061217963817, 0.009900990099009901)
(-1, 1, 0.000472170027597575, 0.992184378067070, 0.00980392156862745)
(1, -1, 0.000476799145166110, 0.982392520293961, 0.009708737864077669)
(1, 1, 0.000481428262724429, 0.968724281917031, 0.009615384615384616)
(-1, -1, 0.000486057380272431, 0.951233595853150, 0.009523809523809525)
(-1, 1, 0.000490686497810017, 0.929989477851935, 0.009433962264150943)
(1, -1, 0.000495315615337089, 0.905075754169454, 0.009345794392523364)
(1, 1, 0.000499944732853546, 0.876590730801790, 0.009259259259259259)
(1, -1, 0.000504573850359291, 0.844646805583617, 0.009174311926605505)
(1, 1, 0.000509202967854223, 0.809370024682397, 0.00909090909090909)
(-1, -1, 0.000513832085338243, 0.770899585238199, 0.009009009009009009)
(-1, 1, 0.000518461202811253, 0.729387286111664, 0.008928571428571428)
(-1, -1, 0.000523090320273152, 0.684996928907374, 0.008849557522123894)
(1, 1, 0.000527719437723843, 0.637903671636113, 0.008771929824561403)
(1, -1, 0.000532348555163225, 0.588293337566367, 0.008695652173913044)
(1, 1, 0.000536977672591200, 0.536361681992241, 0.008620689655172414)
(-1, -1, 0.000541606790007667, 0.482313619811024, 0.008547008547008548)
(1, 1, 0.000546235907412529, 0.426362416958259, 0.00847457627118644)
(-1, -1, 0.000550865024805686, 0.368728848890822, 0.008403361344537815)
(-1, 1, 0.000555494142187039, 0.309640329438493, 0.008333333333333333)
(1, -1, 0.000560123259556488, 0.249330013461454, 0.008264462809917356)
(-1, 1, 0.000564752376913934, 0.188035876854507, 0.00819672131147541)
(-1, -1, 0.000569381494259278, 0.125999777528173, 0.008130081300813009)
(-1, 1, 0.000574010611592421, 0.0634665010719184, 0.008064516129032258)
(1, -1, 0.000578639728913264, 0.000682794865166315, 0.008)
(1, 1, 0.000583268846221707, -0.0621036055526240, 0.007936507936507936)
(-1, -1, 0.000587897963517652, -0.124644954011021, 0.007874015748031496)
(-1, 1, 0.000592527080800998, -0.186694471279631, 0.0078125)
(1, -1, 0.000597156198071648, -0.248007318823708, 0.007751937984496124)
(1, 1, 0.000601785315329501, -0.308341564902043, 0.007692307692307693)
(1, -1, 0.000606414432574459, -0.367459139195070, 0.007633587786259542)
(-1, 1, 0.000611043549806422, -0.425126772196354, 0.007575757575757576)
(1, -1, 0.000615672667025291, -0.481116915660754, 0.007518796992481203)
(1, 1, 0.000620301784230967, -0.535208640477300, 0.007462686567164179)
(1, -1, 0.000624930901423351, -0.587188508423922, 0.007407407407407408)
(-1, 1, 0.000629560018602343, -0.636851414364195, 0.007352941176470588)
(1, -1, 0.000634189135767845, -0.684001395562921, 0.0072992700729927005)
(-1, 1, 0.000638818252919757, -0.728452404927096, 0.007246376811594203)
(1, -1, 0.000643447370057979, -0.770029045121173, 0.007194244604316547)
(-1, 1, 0.000648076487182414, -0.808567260659905, 0.007142857142857143)
(1, -1, 0.000652705604292961, -0.843914985247862, 0.0070921985815602835)
(-1, 1, 0.000657334721389521, -0.875932741811315, 0.007042253521126761)
(1, -1, 0.000661963838471996, -0.904494192854858, 0.006993006993006993)
(1, 1, 0.000666592955540285, -0.929486638971121, 0.006944444444444444)
(1, -1, 0.000671222072594290, -0.950811463536539, 0.006896551724137931)
(1, 1, 0.000675851189633912, -0.968384521838465, 0.00684931506849315)
(1, -1, 0.000680480306659051, -0.982136473098195, 0.006802721088435374)
(-1, 1, 0.000685109423669608, -0.992013054079774, 0.006756756756756757)
(1, -1, 0.000689738540665484, -0.997975293204982, 0.006711409395973154)
(-1, 1, 0.000694367657646580, -0.999999664329611, 0.006666666666666667)
(1, -1, 0.000698996774612797, -0.998078179574274, 0.006622516556291391)
(1, 1, 0.000703625891564035, -0.992218420843436, 0.006578947368421052)
(1, -1, 0.000708255008500195, -0.982443509908303, 0.006535947712418301)
(-1, 1, 0.000712884125421178, -0.968792017171610, 0.006493506493506494)
(-1, -1, 0.000717513242326885, -0.951317809474325, 0.0064516129032258064)
(-1, 1, 0.000722142359217217, -0.930089837544782, 0.00641025641025641)
(1, -1, 0.000726771476092074, -0.905191863928955, 0.006369426751592357)
(1, 1, 0.000731400592951357, -0.876722132475415, 0.006329113924050633)
(1, -1, 0.000736029709794967, -0.844792980679125, 0.006289308176100629)
(-1, 1, 0.000740658826622805, -0.809530396413734, 0.00625)
(-1, -1, 0.000745287943434772, -0.771073520801414, 0.006211180124223602)
(-1, 1, 0.000749917060230768, -0.729574099181862, 0.006172839506172839)
(-1, -1, 0.000754546177010694, -0.685195882346856, 0.006134969325153374)
(-1, 1, 0.000759175293774451, -0.638113980403016, 0.006097560975609756)
(-1, -1, 0.000763804410521941, -0.588514171812328, 0.006060606060606061)
(1, 1, 0.000768433527253062, -0.536592170336860, 0.006024096385542169)
(1, -1, 0.000773062643967718, -0.482552852780205, 0.005988023952095809)
(1, 1, 0.000777691760665807, -0.426609450572867, 0.005952380952380952)
(1, -1, 0.000782320877347231, -0.368982708391491, 0.005917159763313609)
(-1, 1, 0.000786949994011892, -0.309900013131882, 0.0058823529411764705)
(-1, -1, 0.000791579110659689, -0.249594496672790, 0.005847953216374269)
(1, 1, 0.000796208227290523, -0.188304115970805, 0.005813953488372093)
(-1, -1, 0.000800837343904296, -0.126270714116185, 0.005780346820809248)
(-1, 1, 0.000805466460500908, -0.0637390660545552, 0.005747126436781609)
(-1, -1, 0.000810095577080260, -0.000955912739927962, 0.005714285714285714)
(-1, 1, 0.000814724693642252, 0.0618310124698713, 0.005681818181818182)
(-1, -1, 0.000819353810186786, 0.124373961333656, 0.005649717514124294)
(-1, 1, 0.000823982926713762, 0.186426148306064, 0.0056179775280898875)
(-1, -1, 0.000828612043223081, 0.247742724318076, 0.00558659217877095)
(1, 1, 0.000833241159714644, 0.308081742916482, 0.005555555555555556)
