483.039211476310
(1, -1, 5.45689183214182e-6, 0.998026803808588, 1.0)
(1, 1, 0.0000109137836641212, 0.992115002240773, 0.5)
(1, -1, 0.0000163706754957755, 0.982287925585231, 0.3333333333333333)
(1, 1, 0.0000218275673269424, 0.968584355342420, 0.25)
(1, -1, 0.0000272844591574592, 0.951058371177564, 0.2)
(1, 1, 0.0000327413509871637, 0.929779137501072, 0.16666666666666666)
(1, -1, 0.0000381982428158931, 0.904830630518639, 0.14285714285714285)
(1, 1, 0.0000436551346434851, 0.876311306828182, 0.125)
(1, -1, 0.0000491120264697772, 0.844333714871476, 0.1111111111111111)
(1, 1, 0.0000545689182946068, 0.809024050773841, 0.1)
(-1, -1, 0.0000600258101178115, 0.770521660324711, 0.09090909090909091)
(1, 1, 0.0000654827019392287, 0.728978489064476, 0.08333333333333333)
(-1, -1, 0.0000709395937586961, 0.684558482647755, 0.07692307692307693)
(1, 1, 0.0000763964855760510, 0.637436939849515, 0.07142857142857142)
(1, -1, 0.0000818533773911310, 0.587799820767324, 0.06666666666666667)
(1, 1, 0.0000873102692037736, 0.535843012949831, 0.0625)
(-1, -1, 0.0000927671610138163, 0.481771558347645, 0.058823529411764705)
(1, 1, 0.0000982240528210966, 0.425798844137334, 0.05555555555555555)
(-1, -1, 0.000103680944625452, 0.368145760611905, 0.05263157894736842)
(1, 1, 0.000109137836426720, 0.309039829461029, 0.05)
(1, -1, 0.000114594728224738, 0.248714305881179, 0.047619047619047616)
(-1, 1, 0.000120051620019344, 0.187407258059099, 0.045454545454545456)
(1, -1, 0.000125508511810375, 0.125360627661330, 0.043478260869565216)
(1, 1, 0.000130965403597669, 0.0628192750374524, 0.041666666666666664)
(1, -1, 0.000136422295381062, 0.0000300129050725369, 0.04)
(-1, 1, 0.000141879187160394, -0.0627593676700077, 0.038461538461538464)
(1, -1, 0.000147336078935500, -0.125301075154564, 0.037037037037037035)
(1, 1, 0.000152792970706220, -0.187348295430571, 0.03571428571428571)
(-1, -1, 0.000158249862472389, -0.248656165820556, 0.034482758620689655)
(1, 1, 0.000163706754233846, -0.308982741411804, 0.03333333333333333)
(-1, -1, 0.000169163645990429, -0.368089949865921, 0.03225806451612903)
(1, 1, 0.000174620537741974, -0.425744530945694, 0.03125)
(-1, -1, 0.000180077429488319, -0.481718957051514, 0.030303030303030304)
(-1, 1, 0.000185534321229302, -0.535792331134564, 0.029411764705882353)
(1, -1, 0.000190991212964760, -0.587751258443250, 0.02857142857142857)
(1, 1, 0.000196448104694531, -0.637390688662620, 0.027777777777777776)
(1, -1, 0.000201904996418452, -0.684514725123371, 0.02702702702702703)
(-1, 1, 0.000207361888136361, -0.728937397886963, 0.02631578947368421)
(-1, -1, 0.000212818779848095, -0.770483397655981, 0.02564102564102564)
(1, 1, 0.000218275671553492, -0.808988767613396, 0.025)
(-1, -1, 0.000223732563252389, -0.844301550460513, 0.024390243902439025)
(1, 1, 0.000229189454944624, -0.876282388100087, 0.023809523809523808)
(1, -1, 0.000234646346630034, -0.904805071598061, 0.023255813953488372)
(-1, 1, 0.000240103238308457, -0.929757039253540, 0.022727272727272728)
(1, -1, 0.000245560129979731, -0.951039820811433, 0.022222222222222223)
(1, 1, 0.000251017021643692, -0.968569426064715, 0.021739130434782608)
(-1, -1, 0.000256473913300178, -0.982276676312739, 0.02127659574468085)
(1, 1, 0.000261930804949027, -0.992107477367538, 0.020833333333333332)
(1, -1, 0.000267387696590076, -0.998023033030712, 0.02040816326530612)
(1, 1, 0.000272844588223164, -0.999999998198451, 0.02)
(-1, -1, 0.000278301479848126, -0.998030570990477, 0.0196078431372549)
(-1, 1, 0.000283758371464802, -0.992122523539322, 0.019230769230769232)
(1, -1, 0.000289215263073027, -0.982299171318443, 0.018867924528301886)
(1, 1, 0.000294672154672641, -0.968599281130221, 0.018518518518518517)
(-1, -1, 0.000300129046263480, -0.951076918116938, 0.01818181818181818)
(1, 1, 0.000305585937845382, -0.929801232398519, 0.017857142857142856)
(-1, -1, 0.000311042829418184, -0.904856186179024, 0.017543859649122806)
(-1, 1, 0.000316499720981724, -0.876340222398841, 0.017241379310344827)
(-1, -1, 0.000321956612535839, -0.844365876240222, 0.01694915254237288)
(1, 1, 0.000327413504080368, -0.809059331019293, 0.016666666666666666)
(-1, -1, 0.000332870395615147, -0.770559920217177, 0.01639344262295082)
(-1, 1, 0.000338327287140013, -0.729019577615408, 0.016129032258064516)
(1, -1, 0.000343784178654805, -0.684602237705608, 0.015873015873015872)
(1, 1, 0.000349241070159360, -0.637483188739663, 0.015625)
(-1, -1, 0.000354697961653515, -0.587848380973498, 0.015384615384615385)
(-1, 1, 0.000360154853137109, -0.535893692834404, 0.015151515151515152)
(-1, -1, 0.000365611744609977, -0.481824157907906, 0.014925373134328358)
(-1, 1, 0.000371068636071959, -0.425853155794780, 0.014705882352941176)
(1, -1, 0.000376525527522891, -0.368201570031424, 0.014492753623188406)
(1, 1, 0.000381982418962611, -0.309096916396753, 0.014285714285714285)
(-1, -1, 0.000387439310390956, -0.248772445045659, 0.014084507042253521)
(1, 1, 0.000392896201807765, -0.187466220012382, 0.013888888888888888)
(-1, -1, 0.000398353093212874, -0.125420179716410, 0.0136986301369863)
(1, 1, 0.000403809984606120, -0.0628791821785534, 0.013513513513513514)
(1, -1, 0.000409266875987343, -0.0000900387151091269, 0.013333333333333334)
(-1, 1, 0.000414723767356378, 0.0626994600764345, 0.013157894736842105)
(-1, -1, 0.000420180658713064, 0.125241522196326, 0.012987012987012988)
(-1, 1, 0.000425637550057238, 0.187289332127008, 0.01282051282051282)
(-1, -1, 0.000431094441388737, 0.248598024864000, 0.012658227848101266)
(1, 1, 0.000436551332707399, 0.308925652249284, 0.0125)
(1, -1, 0.000442008224013062, 0.368034137793673, 0.012345679012345678)
(-1, 1, 0.000447465115305563, 0.425690216220054, 0.012195121951219513)
(-1, -1, 0.000452922006584739, 0.481666354019701, 0.012048192771084338)
(1, 1, 0.000458378897850429, 0.535741647388784, 0.011904761904761904)
(-1, -1, 0.000463835789102469, 0.587702694001450, 0.011764705882352941)
(1, 1, 0.000469292680340697, 0.637344435179144, 0.011627906976744186)
(-1, -1, 0.000474749571564950, 0.684470965132613, 0.011494252873563218)
(-1, 1, 0.000480206462775067, 0.728896304083018, 0.011363636363636364)
(-1, -1, 0.000485663353970884, 0.770445132211123, 0.011235955056179775)
(1, 1, 0.000491120245152240, 0.808953481538086, 0.011111111111111112)
(-1, -1, 0.000496577136318971, 0.844269383007449, 0.01098901098901099)
(1, 1, 0.000502034027470914, 0.876253466214661, 0.010869565217391304)
(-1, -1, 0.000507490918607909, 0.904779509417382, 0.010752688172043012)
(-1, 1, 0.000512947809729792, 0.929734937656002, 0.010638297872340425)
(-1, -1, 0.000518404700836400, 0.951021267018613, 0.010526315789473684)
(1, 1, 0.000523861591927571, 0.968554493297159, 0.010416666666666666)
(1, -1, 0.000529318483003143, 0.982265423501008, 0.010309278350515464)
(1, 1, 0.000534775374062954, 0.992099948919642, 0.01020408163265306)
(-1, -1, 0.000540232265106839, 0.998019258656860, 0.010101010101010102)
(1, 1, 0.000545689156134638, 0.999999992793804, 0.01)
(-1, -1, 0.000551146047146188, 0.998034334576364, 0.009900990099009901)
(-1, 1, 0.000556602938141326, 0.992130041263155, 0.00980392156862745)
(1, -1, 0.000562059829119889, 0.982310413512336, 0.009708737864077669)
(-1, 1, 0.000567516720081716, 0.968614203428063, 0.009615384615384616)
(1, -1, 0.000572973611026643, 0.951095461629489, 0.009523809523809525)
(1, 1, 0.000578430501954508, 0.929823323945801, 0.009433962264150943)
(1, -1, 0.000583887392865150, 0.904881738579123, 0.009345794392523364)
(1, 1, 0.000589344283758404, 0.876369134811960, 0.009259259259259259)
(1, -1, 0.000594801174634109, 0.844398034566635, 0.009174311926605505)
(-1, 1, 0.000600258065492102, 0.809094608349624, 0.00909090909090909)
(1, -1, 0.000605714956332221, 0.770598177333240, 0.009009009009009009)
(1, 1, 0.000611171847154303, 0.729060663539610, 0.008928571428571428)
(-1, -1, 0.000616628737958186, 0.684645990296772, 0.008849557522123894)
(-1, 1, 0.000622085628743707, 0.637529435332896, 0.008771929824561403)
(1, -1, 0.000627542519510704, 0.587896939061597, 0.008695652173913044)
(-1, 1, 0.000632999410259014, 0.535944370788100, 0.008620689655172414)
(-1, -1, 0.000638456300988475, 0.481876755732108, 0.008547008547008548)
(-1, 1, 0.000643913191698924, 0.425907465917835, 0.00847457627118644)
(-1, -1, 0.000649370082390199, 0.368257378124277, 0.008403361344537815)
(1, 1, 0.000654826973062137, 0.309154002218771, 0.008333333333333333)
(1, -1, 0.000660283863714576, 0.248830583313789, 0.008264462809917356)
(-1, 1, 0.000665740754347353, 0.187525181290204, 0.00819672131147541)
(-1, -1, 0.000671197644960306, 0.125479731319589, 0.008130081300813009)
(-1, 1, 0.000676654535553273, 0.0629390890930945, 0.008064516129032258)
(1, -1, 0.000682111426126090, 0.000150064524821521, 0.008)
(1, 1, 0.000687568316678595, -0.0626395522569493, 0.007936507936507936)
(1, -1, 0.000693025207210626, -0.125181968786830, 0.007874015748031496)
(1, 1, 0.000698482097722021, -0.187230368148623, 0.0078125)
(1, -1, 0.000703938988212617, -0.248539883011721, 0.007751937984496124)
(-1, 1, 0.000709395878682250, -0.308868561973674, 0.007692307692307693)
(1, -1, 0.000714852769130760, -0.367978324395361, 0.007633587786259542)
(-1, 1, 0.000720309659557983, -0.425635899960610, 0.007575757575757576)
(-1, -1, 0.000725766549963757, -0.481613749252398, 0.007518796992481203)
(-1, 1, 0.000731223440347919, -0.535690961712674, 0.007462686567164179)
(1, -1, 0.000736680330710307, -0.587654127442100, 0.007407407407407408)
(-1, 1, 0.000742137221050758, -0.637298179399253, 0.007352941176470588)
(1, -1, 0.000747594111369111, -0.684427202675639, 0.0072992700729927005)
(1, 1, 0.000753051001665201, -0.728855207652788, 0.007246376811594203)
(-1, -1, 0.000758507891938868, -0.770406863990276, 0.007194244604316547)
(1, 1, 0.000763964782189948, -0.808918192548037, 0.007142857142857143)
(-1, -1, 0.000769421672418279, -0.844237212512400, 0.0070921985815602835)
(-1, 1, 0.000774878562623698, -0.876224541172009, 0.007042253521126761)
(1, -1, 0.000780335452806043, -0.904753943976693, 0.006993006993006993)
(1, 1, 0.000785792342965152, -0.929712832708539, 0.006944444444444444)
(-1, -1, 0.000791249233100862, -0.951002709799171, 0.006896551724137931)
(-1, 1, 0.000796706123213010, -0.968539557039807, 0.00684931506849315)
(1, -1, 0.000802163013301434, -0.982254167150078, 0.006802721088435374)
(1, 1, 0.000807619903365971, -0.992092416897113, 0.006756756756756757)
(1, -1, 0.000813076793406459, -0.998015480687047, 0.006711409395973154)
(1, 1, 0.000818533683422736, -0.999999983786060, 0.006666666666666667)
(-1, -1, 0.000823990573414639, -0.998038094566235, 0.006622516556291391)
(-1, 1, 0.000829447463382006, -0.992137555412247, 0.006578947368421052)
(-1, -1, 0.000834904353324673, -0.982321652166868, 0.006535947712418301)
(-1, 1, 0.000840361243242479, -0.968629122235895, 0.006493506493506494)
(-1, -1, 0.000845818133135261, -0.951114001715149, 0.0064516129032258064)
(-1, 1, 0.000851275023002856, -0.929845412142839, 0.00641025641025641)
(-1, -1, 0.000856731912845102, -0.904907287718845, 0.006369426751592357)
(-1, 1, 0.000862188802661837, -0.876398044067436, 0.006329113924050633)
(1, -1, 0.000867645692452898, -0.844430189850599, 0.006289308176100629)
(1, 1, 0.000873102582218122, -0.809129882764709, 0.00625)
(1, -1, 0.000878559471957348, -0.770636431672762, 0.006211180124223602)
(1, 1, 0.000884016361670412, -0.729101746836936, 0.006172839506172839)
(-1, -1, 0.000889473251357152, -0.684689740421090, 0.006134969325153374)
(-1, 1, 0.000894930141017405, -0.637575679629048, 0.006097560975609756)
(-1, -1, 0.000900387030651010, -0.587945495031445, 0.006060606060606061)
(-1, 1, 0.000905843920257804, -0.535995046810735, 0.006024096385542169)
(-1, -1, 0.000911300809837623, -0.481929351820061, 0.005988023952095809)
(1, 1, 0.000916757699390306, -0.425961774506304, 0.005952380952380952)
(1, -1, 0.000922214588915690, -0.368313184890263, 0.005917159763313609)
(-1, 1, 0.000927671478413612, -0.309211086926876, 0.0058823529411764705)
(-1, -1, 0.000933128367883911, -0.248888720685358, 0.005847953216374269)
(1, 1, 0.000938585257326424, -0.187584141892356, 0.005813953488372093)
(1, -1, 0.000944042146740987, -0.125539282470651, 0.005780346820809248)
(-1, 1, 0.000949499036127439, -0.0629989957808598, 0.005747126436781609)
(1, -1, 0.000954955925485617, -0.000210090333992995, 0.005714285714285714)
