537.742513246461
(1, -1, 4.40312863593184e-6, -0.999999999990306, 1.0)
(-1, 1, 8.80625727177831e-6, 0.999999999961225, 0.5)
(-1, -1, 0.0000132093859074540, -0.999999999912756, 0.3333333333333333)
(1, 1, 0.0000176125145428737, 0.999999999844900, 0.25)
(1, -1, 0.0000220156431779519, -0.999999999757656, 0.2)
(1, 1, 0.0000264187718126032, 0.999999999651024, 0.16666666666666666)
(-1, -1, 0.0000308219004467424, -0.999999999525005, 0.14285714285714285)
(-1, 1, 0.0000352250290802840, 0.999999999379599, 0.125)
(1, -1, 0.0000396281577131426, -0.999999999214805, 0.1111111111111111)
(-1, 1, 0.0000440312863452330, 0.999999999030623, 0.1)
(-1, -1, 0.0000484344149764697, -0.999999998827054, 0.09090909090909091)
(-1, 1, 0.0000528375436067674, 0.999999998604097, 0.08333333333333333)
(1, -1, 0.0000572406722360407, -0.999999998361753, 0.07692307692307693)
(1, 1, 0.0000616438008642043, 0.999999998100021, 0.07142857142857142)
(-1, -1, 0.0000660469294911727, -0.999999997818902, 0.06666666666666667)
(1, 1, 0.0000704500581168606, 0.999999997518395, 0.0625)
(1, -1, 0.0000748531867411827, -0.999999997198500, 0.058823529411764705)
(-1, 1, 0.0000792563153640536, 0.999999996859218, 0.05555555555555555)
(1, -1, 0.0000836594439853878, -0.999999996500549, 0.05263157894736842)
(1, 1, 0.0000880625726051002, 0.999999996122492, 0.05)
(1, -1, 0.0000924657012231052, -0.999999995725047, 0.047619047619047616)
(1, 1, 0.0000968688298393175, 0.999999995308215, 0.045454545454545456)
(-1, -1, 0.000101271958453652, -0.999999994871995, 0.043478260869565216)
(1, 1, 0.000105675087066023, 0.999999994416388, 0.041666666666666664)
(1, -1, 0.000110078215676345, -0.999999993941393, 0.04)
(-1, 1, 0.000114481344284533, 0.999999993447011, 0.038461538461538464)
(-1, -1, 0.000118884472890501, -0.999999992933241, 0.037037037037037035)
(-1, 1, 0.000123287601494165, 0.999999992400084, 0.03571428571428571)
(1, -1, 0.000127690730095438, -0.999999991847539, 0.034482758620689655)
(1, 1, 0.000132093858694236, 0.999999991275606, 0.03333333333333333)
(1, -1, 0.000136496987290472, -0.999999990684286, 0.03225806451612903)
(-1, 1, 0.000140900115884063, 0.999999990073579, 0.03125)
(1, -1, 0.000145303244474921, -0.999999989443484, 0.030303030303030304)
(-1, 1, 0.000149706373062963, 0.999999988794001, 0.029411764705882353)
(-1, -1, 0.000154109501648102, -0.999999988125131, 0.02857142857142857)
(1, 1, 0.000158512630230254, 0.999999987436873, 0.027777777777777776)
(-1, -1, 0.000162915758809332, -0.999999986729228, 0.02702702702702703)
(-1, 1, 0.000167318887385251, 0.999999986002195, 0.02631578947368421)
(-1, -1, 0.000171722015957927, -0.999999985255774, 0.02564102564102564)
(-1, 1, 0.000176125144527274, 0.999999984489967, 0.025)
(1, -1, 0.000180528273093205, -0.999999983704771, 0.024390243902439025)
(-1, 1, 0.000184931401655637, 0.999999982900188, 0.023809523809523808)
(-1, -1, 0.000189334530214484, -0.999999982076218, 0.023255813953488372)
(-1, 1, 0.000193737658769660, 0.999999981232860, 0.022727272727272728)
(1, -1, 0.000198140787321079, -0.999999980370114, 0.022222222222222223)
(1, 1, 0.000202543915868657, 0.999999979487981, 0.021739130434782608)
(1, -1, 0.000206947044412309, -0.999999978586460, 0.02127659574468085)
(-1, 1, 0.000211350172951948, 0.999999977665552, 0.020833333333333332)
(1, -1, 0.000215753301487490, -0.999999976725256, 0.02040816326530612)
(-1, 1, 0.000220156430018848, 0.999999975765573, 0.02)
(-1, -1, 0.000224559558545939, -0.999999974786502, 0.0196078431372549)
(1, 1, 0.000228962687068675, 0.999999973788044, 0.019230769230769232)
(-1, -1, 0.000233365815586973, -0.999999972770198, 0.018867924528301886)
(1, 1, 0.000237768944100746, 0.999999971732964, 0.018518518518518517)
(-1, -1, 0.000242172072609910, -0.999999970676343, 0.01818181818181818)
(1, 1, 0.000246575201114378, 0.999999969600335, 0.017857142857142856)
(-1, -1, 0.000250978329614066, -0.999999968504939, 0.017543859649122806)
(-1, 1, 0.000255381458108888, 0.999999967390155, 0.017241379310344827)
(-1, -1, 0.000259784586598759, -0.999999966255984, 0.01694915254237288)
(-1, 1, 0.000264187715083594, 0.999999965102425, 0.016666666666666666)
(-1, -1, 0.000268590843563306, -0.999999963929479, 0.01639344262295082)
(-1, 1, 0.000272993972037811, 0.999999962737145, 0.016129032258064516)
(-1, -1, 0.000277397100507023, -0.999999961525424, 0.015873015873015872)
(1, 1, 0.000281800228970858, 0.999999960294315, 0.015625)
(1, -1, 0.000286203357429229, -0.999999959043818, 0.015384615384615385)
(-1, 1, 0.000290606485882051, 0.999999957773934, 0.015151515151515152)
(1, -1, 0.000295009614329239, -0.999999956484663, 0.014925373134328358)
(1, 1, 0.000299412742770707, 0.999999955176004, 0.014705882352941176)
(1, -1, 0.000303815871206371, -0.999999953847957, 0.014492753623188406)
(1, 1, 0.000308218999636144, 0.999999952500523, 0.014285714285714285)
(-1, -1, 0.000312622128059942, -0.999999951133701, 0.014084507042253521)
(-1, 1, 0.000317025256477678, 0.999999949747492, 0.013888888888888888)
(-1, -1, 0.000321428384889269, -0.999999948341895, 0.0136986301369863)
(1, 1, 0.000325831513294628, 0.999999946916911, 0.013513513513513514)
(-1, -1, 0.000330234641693669, -0.999999945472539, 0.013333333333333334)
(1, 1, 0.000334637770086308, 0.999999944008780, 0.013157894736842105)
(1, -1, 0.000339040898472460, -0.999999942525633, 0.012987012987012988)
(1, 1, 0.000343444026852038, 0.999999941023098, 0.01282051282051282)
(-1, -1, 0.000347847155224958, -0.999999939501176, 0.012658227848101266)
(1, 1, 0.000352250283591133, 0.999999937959867, 0.0125)
(1, -1, 0.000356653411950480, -0.999999936399170, 0.012345679012345678)
(-1, 1, 0.000361056540302912, 0.999999934819085, 0.012195121951219513)
(-1, -1, 0.000365459668648344, -0.999999933219613, 0.012048192771084338)
(1, 1, 0.000369862796986690, 0.999999931600753, 0.011904761904761904)
(1, -1, 0.000374265925317866, -0.999999929962506, 0.011764705882352941)
(1, 1, 0.000378669053641786, 0.999999928304871, 0.011627906976744186)
(-1, -1, 0.000383072181958364, -0.999999926627849, 0.011494252873563218)
(1, 1, 0.000387475310267515, 0.999999924931439, 0.011363636363636364)
(1, -1, 0.000391878438569155, -0.999999923215642, 0.011235955056179775)
(-1, 1, 0.000396281566863196, 0.999999921480457, 0.011111111111111112)
(-1, -1, 0.000400684695149555, -0.999999919725884, 0.01098901098901099)
(-1, 1, 0.000405087823428145, 0.999999917951924, 0.010869565217391304)
(-1, -1, 0.000409490951698882, -0.999999916158577, 0.010752688172043012)
(-1, 1, 0.000413894079961680, 0.999999914345842, 0.010638297872340425)
(1, -1, 0.000418297208216453, -0.999999912513719, 0.010526315789473684)
(1, 1, 0.000422700336463117, 0.999999910662209, 0.010416666666666666)
(-1, -1, 0.000427103464701585, -0.999999908791311, 0.010309278350515464)
(-1, 1, 0.000431506592931773, 0.999999906901026, 0.01020408163265306)
(-1, -1, 0.000435909721153596, -0.999999904991353, 0.010101010101010102)
(1, 1, 0.000440312849366966, 0.999999903062293, 0.01)
(-1, -1, 0.000444715977571801, -0.999999901113845, 0.009900990099009901)
(1, 1, 0.000449119105768013, 0.999999899146009, 0.00980392156862745)
(1, -1, 0.000453522233955518, -0.999999897158786, 0.009708737864077669)
(-1, 1, 0.000457925362134231, 0.999999895152176, 0.009615384615384616)
(1, -1, 0.000462328490304065, -0.999999893126178, 0.009523809523809525)
(1, 1, 0.000466731618464936, 0.999999891080792, 0.009433962264150943)
(1, -1, 0.000471134746616758, -0.999999889016019, 0.009345794392523364)
(-1, 1, 0.000475537874759446, 0.999999886931858, 0.009259259259259259)
(-1, -1, 0.000479941002892915, -0.999999884828310, 0.009174311926605505)
(1, 1, 0.000484344131017078, 0.999999882705375, 0.00909090909090909)
(1, -1, 0.000488747259131852, -0.999999880563051, 0.009009009009009009)
(-1, 1, 0.000493150387237149, 0.999999878401340, 0.008928571428571428)
(1, -1, 0.000497553515332886, -0.999999876220242, 0.008849557522123894)
(1, 1, 0.000501956643418977, 0.999999874019756, 0.008771929824561403)
(-1, -1, 0.000506359771495336, -0.999999871799883, 0.008695652173913044)
(1, 1, 0.000510762899561877, 0.999999869560622, 0.008620689655172414)
(1, -1, 0.000515166027618516, -0.999999867301973, 0.008547008547008548)
(1, 1, 0.000519569155665168, 0.999999865023937, 0.00847457627118644)
(-1, -1, 0.000523972283701746, -0.999999862726514, 0.008403361344537815)
(1, 1, 0.000528375411728166, 0.999999860409702, 0.008333333333333333)
(1, -1, 0.000532778539744342, -0.999999858073504, 0.008264462809917356)
(1, 1, 0.000537181667750188, 0.999999855717917, 0.00819672131147541)
(-1, -1, 0.000541584795745620, -0.999999853342944, 0.008130081300813009)
(1, 1, 0.000545987923730552, 0.999999850948582, 0.008064516129032258)
(1, -1, 0.000550391051704899, -0.999999848534834, 0.008)
(1, 1, 0.000554794179668575, 0.999999846101697, 0.007936507936507936)
(1, -1, 0.000559197307621495, -0.999999843649173, 0.007874015748031496)
(-1, 1, 0.000563600435563573, 0.999999841177262, 0.0078125)
(1, -1, 0.000568003563494724, -0.999999838685963, 0.007751937984496124)
(-1, 1, 0.000572406691414864, 0.999999836175276, 0.007692307692307693)
(-1, -1, 0.000576809819323905, -0.999999833645202, 0.007633587786259542)
(1, 1, 0.000581212947221764, 0.999999831095741, 0.007575757575757576)
(-1, -1, 0.000585616075108355, -0.999999828526892, 0.007518796992481203)
(-1, 1, 0.000590019202983592, 0.999999825938655, 0.007462686567164179)
(-1, -1, 0.000594422330847389, -0.999999823331031, 0.007407407407407408)
(-1, 1, 0.000598825458699663, 0.999999820704019, 0.007352941176470588)
(-1, -1, 0.000603228586540326, -0.999999818057620, 0.0072992700729927005)
(-1, 1, 0.000607631714369295, 0.999999815391833, 0.007246376811594203)
(-1, -1, 0.000612034842186483, -0.999999812706658, 0.007194244604316547)
(-1, 1, 0.000616437969991805, 0.999999810002096, 0.007142857142857143)
(-1, -1, 0.000620841097785176, -0.999999807278147, 0.0070921985815602835)
(1, 1, 0.000625244225566511, 0.999999804534810, 0.007042253521126761)
(-1, -1, 0.000629647353335723, -0.999999801772086, 0.006993006993006993)
(1, 1, 0.000634050481092728, 0.999999798989973, 0.006944444444444444)
(1, -1, 0.000638453608837441, -0.999999796188474, 0.006896551724137931)
(1, 1, 0.000642856736569775, 0.999999793367587, 0.00684931506849315)
(-1, -1, 0.000647259864289646, -0.999999790527312, 0.006802721088435374)
(-1, 1, 0.000651662991996969, 0.999999787667650, 0.006756756756756757)
(-1, -1, 0.000656066119691657, -0.999999784788600, 0.006711409395973154)
(1, 1, 0.000660469247373625, 0.999999781890163, 0.006666666666666667)
(-1, -1, 0.000664872375042789, -0.999999778972338, 0.006622516556291391)
(-1, 1, 0.000669275502699063, 0.999999776035126, 0.006578947368421052)
(1, -1, 0.000673678630342360, -0.999999773078526, 0.006535947712418301)
(-1, 1, 0.000678081757972597, 0.999999770102538, 0.006493506493506494)
(1, -1, 0.000682484885589688, -0.999999767107163, 0.0064516129032258064)
(-1, 1, 0.000686888013193547, 0.999999764092401, 0.00641025641025641)
(-1, -1, 0.000691291140784089, -0.999999761058251, 0.006369426751592357)
(1, 1, 0.000695694268361228, 0.999999758004713, 0.006329113924050633)
(1, -1, 0.000700097395924880, -0.999999754931788, 0.006289308176100629)
(-1, 1, 0.000704500523474958, 0.999999751839475, 0.00625)
(1, -1, 0.000708903651011378, -0.999999748727775, 0.006211180124223602)
(-1, 1, 0.000713306778534054, 0.999999745596687, 0.006172839506172839)
(-1, -1, 0.000717709906042900, -0.999999742446212, 0.006134969325153374)
(1, 1, 0.000722113033537833, 0.999999739276349, 0.006097560975609756)
(1, -1, 0.000726516161018765, -0.999999736087099, 0.006060606060606061)
(1, 1, 0.000730919288485611, 0.999999732878461, 0.006024096385542169)
(1, -1, 0.000735322415938287, -0.999999729650436, 0.005988023952095809)
(-1, 1, 0.000739725543376707, 0.999999726403023, 0.005952380952380952)
(1, -1, 0.000744128670800786, -0.999999723136222, 0.005917159763313609)
(-1, 1, 0.000748531798210437, 0.999999719850034, 0.0058823529411764705)
(1, -1, 0.000752934925605577, -0.999999716544459, 0.005847953216374269)
(-1, 1, 0.000757338052986118, 0.999999713219496, 0.005813953488372093)
(-1, -1, 0.000761741180351977, -0.999999709875145, 0.005780346820809248)
(1, 1, 0.000766144307703068, 0.999999706511407, 0.005747126436781609)
(-1, -1, 0.000770547435039305, -0.999999703128281, 0.005714285714285714)
(-1, 1, 0.000774950562360603, 0.999999699725768, 0.005681818181818182)
(1, -1, 0.000779353689666877, -0.999999696303867, 0.005649717514124294)
(-1, 1, 0.000783756816958040, 0.999999692862579, 0.0056179775280898875)
(1, -1, 0.000788159944234009, -0.999999689401903, 0.00558659217877095)
(1, 1, 0.000792563071494697, 0.999999685921840, 0.005555555555555556)
(1, -1, 0.000796966198740020, -0.999999682422389, 0.0055248618784530384)
