521.842240659544
(1, -1, 4.67553872193062e-6, -0.999999999989070, 1.0)
(1, 1, 9.35107744375904e-6, 0.999999999956279, 0.5)
(-1, -1, 0.0000140266161653830, -0.999999999901627, 0.3333333333333333)
(1, 1, 0.0000187021548867004, 0.999999999825115, 0.25)
(1, -1, 0.0000233776936076089, -0.999999999726742, 0.2)
(-1, 1, 0.0000280532323280064, 0.999999999606508, 0.16666666666666666)
(-1, -1, 0.0000327287710477906, -0.999999999464414, 0.14285714285714285)
(1, 1, 0.0000374043097668593, 0.999999999300459, 0.125)
(1, -1, 0.0000420798484851104, -0.999999999114643, 0.1111111111111111)
(1, 1, 0.0000467553872024415, 0.999999998906967, 0.1)
(-1, -1, 0.0000514309259187506, -0.999999998677430, 0.09090909090909091)
(-1, 1, 0.0000561064646339353, 0.999999998426032, 0.08333333333333333)
(1, -1, 0.0000607820033478935, -0.999999998152774, 0.07692307692307693)
(-1, 1, 0.0000654575420605230, 0.999999997857655, 0.07142857142857142)
(-1, -1, 0.0000701330807717216, -0.999999997540675, 0.06666666666666667)
(1, 1, 0.0000748086194813869, 0.999999997201835, 0.0625)
(1, -1, 0.0000794841581894169, -0.999999996841134, 0.058823529411764705)
(1, 1, 0.0000841596968957094, 0.999999996458573, 0.05555555555555555)
(1, -1, 0.0000888352356001620, -0.999999996054150, 0.05263157894736842)
(1, 1, 0.0000935107743026727, 0.999999995627868, 0.05)
(1, -1, 0.0000981863130031391, -0.999999995179724, 0.047619047619047616)
(-1, 1, 0.000102861851701459, 0.999999994709720, 0.045454545454545456)
(-1, -1, 0.000107537390397531, -0.999999994217855, 0.043478260869565216)
(-1, 1, 0.000112212929091251, 0.999999993704129, 0.041666666666666664)
(1, -1, 0.000116888467782519, -0.999999993168543, 0.04)
(1, 1, 0.000121564006471231, 0.999999992611096, 0.038461538461538464)
(-1, -1, 0.000126239545157286, -0.999999992031789, 0.037037037037037035)
(-1, 1, 0.000130915083840581, 0.999999991430620, 0.03571428571428571)
(1, -1, 0.000135590622521014, -0.999999990807591, 0.034482758620689655)
(-1, 1, 0.000140266161198483, 0.999999990162702, 0.03333333333333333)
(-1, -1, 0.000144941699872886, -0.999999989495952, 0.03225806451612903)
(1, 1, 0.000149617238544120, 0.999999988807341, 0.03125)
(1, -1, 0.000154292777212084, -0.999999988096869, 0.030303030303030304)
(1, 1, 0.000158968315876674, 0.999999987364537, 0.029411764705882353)
(-1, -1, 0.000163643854537790, -0.999999986610344, 0.02857142857142857)
(1, 1, 0.000168319393195328, 0.999999985834291, 0.027777777777777776)
(1, -1, 0.000172994931849186, -0.999999985036377, 0.02702702702702703)
(1, 1, 0.000177670470499263, 0.999999984216602, 0.02631578947368421)
(-1, -1, 0.000182346009145456, -0.999999983374966, 0.02564102564102564)
(1, 1, 0.000187021547787662, 0.999999982511470, 0.025)
(-1, -1, 0.000191697086425780, -0.999999981626113, 0.024390243902439025)
(1, 1, 0.000196372625059708, 0.999999980718896, 0.023809523809523808)
(-1, -1, 0.000201048163689343, -0.999999979789818, 0.023255813953488372)
(-1, 1, 0.000205723702314582, 0.999999978838879, 0.022727272727272728)
(1, -1, 0.000210399240935325, -0.999999977866079, 0.022222222222222223)
(-1, 1, 0.000215074779551468, 0.999999976871419, 0.021739130434782608)
(1, -1, 0.000219750318162909, -0.999999975854899, 0.02127659574468085)
(-1, 1, 0.000224425856769546, 0.999999974816517, 0.020833333333333332)
(1, -1, 0.000229101395371277, -0.999999973756275, 0.02040816326530612)
(1, 1, 0.000233776933968000, 0.999999972674172, 0.02)
(-1, -1, 0.000238452472559613, -0.999999971570209, 0.0196078431372549)
(1, 1, 0.000243128011146012, 0.999999970444385, 0.019230769230769232)
(1, -1, 0.000247803549727097, -0.999999969296700, 0.018867924528301886)
(-1, 1, 0.000252479088302765, 0.999999968127155, 0.018518518518518517)
(-1, -1, 0.000257154626872913, -0.999999966935748, 0.01818181818181818)
(-1, 1, 0.000261830165437439, 0.999999965722482, 0.017857142857142856)
(-1, -1, 0.000266505703996242, -0.999999964487354, 0.017543859649122806)
(1, 1, 0.000271181242549219, 0.999999963230366, 0.017241379310344827)
(1, -1, 0.000275856781096268, -0.999999961951517, 0.01694915254237288)
(-1, 1, 0.000280532319637286, 0.999999960650808, 0.016666666666666666)
(-1, -1, 0.000285207858172172, -0.999999959328238, 0.01639344262295082)
(-1, 1, 0.000289883396700823, 0.999999957983807, 0.016129032258064516)
(-1, -1, 0.000294558935223136, -0.999999956617516, 0.015873015873015872)
(1, 1, 0.000299234473739011, 0.999999955229364, 0.015625)
(1, -1, 0.000303910012248344, -0.999999953819351, 0.015384615384615385)
(1, 1, 0.000308585550751033, 0.999999952387478, 0.015151515151515152)
(-1, -1, 0.000313261089246977, -0.999999950933744, 0.014925373134328358)
(1, 1, 0.000317936627736072, 0.999999949458149, 0.014705882352941176)
(1, -1, 0.000322612166218217, -0.999999947960694, 0.014492753623188406)
(-1, 1, 0.000327287704693310, 0.999999946441378, 0.014285714285714285)
(1, -1, 0.000331963243161248, -0.999999944900201, 0.014084507042253521)
(1, 1, 0.000336638781621929, 0.999999943337164, 0.013888888888888888)
(-1, -1, 0.000341314320075250, -0.999999941752266, 0.0136986301369863)
(1, 1, 0.000345989858521111, 0.999999940145507, 0.013513513513513514)
(-1, -1, 0.000350665396959408, -0.999999938516888, 0.013333333333333334)
(1, 1, 0.000355340935390039, 0.999999936866408, 0.013157894736842105)
(1, -1, 0.000360016473812902, -0.999999935194067, 0.012987012987012988)
(-1, 1, 0.000364692012227895, 0.999999933499866, 0.01282051282051282)
(1, -1, 0.000369367550634915, -0.999999931783804, 0.012658227848101266)
(1, 1, 0.000374043089033861, 0.999999930045881, 0.0125)
(1, -1, 0.000378718627424630, -0.999999928286098, 0.012345679012345678)
(-1, 1, 0.000383394165807120, 0.999999926504454, 0.012195121951219513)
(1, -1, 0.000388069704181229, -0.999999924700950, 0.012048192771084338)
(1, 1, 0.000392745242546854, 0.999999922875584, 0.011904761904761904)
(1, -1, 0.000397420780903894, -0.999999921028358, 0.011764705882352941)
(-1, 1, 0.000402096319252245, 0.999999919159272, 0.011627906976744186)
(-1, -1, 0.000406771857591807, -0.999999917268324, 0.011494252873563218)
(-1, 1, 0.000411447395922476, 0.999999915355517, 0.011363636363636364)
(-1, -1, 0.000416122934244151, -0.999999913420848, 0.011235955056179775)
(1, 1, 0.000420798472556729, 0.999999911464319, 0.011111111111111112)
(-1, -1, 0.000425474010860108, -0.999999909485929, 0.01098901098901099)
(-1, 1, 0.000430149549154186, 0.999999907485678, 0.010869565217391304)
(1, -1, 0.000434825087438861, -0.999999905463567, 0.010752688172043012)
(1, 1, 0.000439500625714030, 0.999999903419595, 0.010638297872340425)
(1, -1, 0.000444176163979591, -0.999999901353763, 0.010526315789473684)
(-1, 1, 0.000448851702235443, 0.999999899266070, 0.010416666666666666)
(1, -1, 0.000453527240481482, -0.999999897156516, 0.010309278350515464)
(1, 1, 0.000458202778717606, 0.999999895025101, 0.01020408163265306)
(-1, -1, 0.000462878316943715, -0.999999892871826, 0.010101010101010102)
(1, 1, 0.000467553855159704, 0.999999890696690, 0.01)
(-1, -1, 0.000472229393365472, -0.999999888499694, 0.009900990099009901)
(-1, 1, 0.000476904931560917, 0.999999886280837, 0.00980392156862745)
(1, -1, 0.000481580469745937, -0.999999884040119, 0.009708737864077669)
(1, 1, 0.000486256007920429, 0.999999881777540, 0.009615384615384616)
(1, -1, 0.000490931546084291, -0.999999879493101, 0.009523809523809525)
(1, 1, 0.000495607084237420, 0.999999877186802, 0.009433962264150943)
(-1, -1, 0.000500282622379716, -0.999999874858641, 0.009345794392523364)
(-1, 1, 0.000504958160511075, 0.999999872508620, 0.009259259259259259)
(1, -1, 0.000509633698631396, -0.999999870136738, 0.009174311926605505)
(-1, 1, 0.000514309236740575, 0.999999867742996, 0.00909090909090909)
(-1, -1, 0.000518984774838511, -0.999999865327393, 0.009009009009009009)
(-1, 1, 0.000523660312925102, 0.999999862889929, 0.008928571428571428)
(-1, -1, 0.000528335851000246, -0.999999860430605, 0.008849557522123894)
(-1, 1, 0.000533011389063839, 0.999999857949419, 0.008771929824561403)
(-1, -1, 0.000537686927115781, -0.999999855446374, 0.008695652173913044)
(1, 1, 0.000542362465155968, 0.999999852921467, 0.008620689655172414)
(1, -1, 0.000547038003184299, -0.999999850374700, 0.008547008547008548)
(1, 1, 0.000551713541200672, 0.999999847806073, 0.00847457627118644)
(-1, -1, 0.000556389079204984, -0.999999845215584, 0.008403361344537815)
(-1, 1, 0.000561064617197132, 0.999999842603235, 0.008333333333333333)
(1, -1, 0.000565740155177015, -0.999999839969026, 0.008264462809917356)
(-1, 1, 0.000570415693144531, 0.999999837312955, 0.00819672131147541)
(1, -1, 0.000575091231099578, -0.999999834635024, 0.008130081300813009)
(-1, 1, 0.000579766769042052, 0.999999831935233, 0.008064516129032258)
(1, -1, 0.000584442306971852, -0.999999829213580, 0.008)
(-1, 1, 0.000589117844888876, 0.999999826470067, 0.007936507936507936)
(-1, -1, 0.000593793382793021, -0.999999823704694, 0.007874015748031496)
(1, 1, 0.000598468920684186, 0.999999820917459, 0.0078125)
(1, -1, 0.000603144458562268, -0.999999818108364, 0.007751937984496124)
(1, 1, 0.000607819996427165, 0.999999815277409, 0.007692307692307693)
(-1, -1, 0.000612495534278774, -0.999999812424593, 0.007633587786259542)
(1, 1, 0.000617171072116994, 0.999999809549916, 0.007575757575757576)
(-1, -1, 0.000621846609941722, -0.999999806653378, 0.007518796992481203)
(-1, 1, 0.000626522147752856, 0.999999803734980, 0.007462686567164179)
(-1, -1, 0.000631197685550294, -0.999999800794721, 0.007407407407407408)
(1, 1, 0.000635873223333933, 0.999999797832602, 0.007352941176470588)
(1, -1, 0.000640548761103672, -0.999999794848621, 0.0072992700729927005)
(1, 1, 0.000645224298859408, 0.999999791842780, 0.007246376811594203)
(-1, -1, 0.000649899836601039, -0.999999788815079, 0.007194244604316547)
(-1, 1, 0.000654575374328463, 0.999999785765517, 0.007142857142857143)
(-1, -1, 0.000659250912041577, -0.999999782694094, 0.0070921985815602835)
(1, 1, 0.000663926449740279, 0.999999779600810, 0.007042253521126761)
(-1, -1, 0.000668601987424468, -0.999999776485666, 0.006993006993006993)
(1, 1, 0.000673277525094041, 0.999999773348661, 0.006944444444444444)
(1, -1, 0.000677953062748895, -0.999999770189796, 0.006896551724137931)
(-1, 1, 0.000682628600388929, 0.999999767009070, 0.00684931506849315)
(-1, -1, 0.000687304138014040, -0.999999763806483, 0.006802721088435374)
(1, 1, 0.000691979675624127, 0.999999760582036, 0.006756756756756757)
(1, -1, 0.000696655213219086, -0.999999757335728, 0.006711409395973154)
(-1, 1, 0.000701330750798815, 0.999999754067559, 0.006666666666666667)
(-1, -1, 0.000706006288363214, -0.999999750777529, 0.006622516556291391)
(1, 1, 0.000710681825912178, 0.999999747465639, 0.006578947368421052)
(1, -1, 0.000715357363445606, -0.999999744131889, 0.006535947712418301)
(1, 1, 0.000720032900963397, 0.999999740776277, 0.006493506493506494)
(-1, -1, 0.000724708438465446, -0.999999737398805, 0.0064516129032258064)
(-1, 1, 0.000729383975951654, 0.999999733999472, 0.00641025641025641)
(1, -1, 0.000734059513421916, -0.999999730578279, 0.006369426751592357)
(1, 1, 0.000738735050876132, 0.999999727135225, 0.006329113924050633)
(-1, -1, 0.000743410588314198, -0.999999723670310, 0.006289308176100629)
(1, 1, 0.000748086125736013, 0.999999720183535, 0.00625)
(1, -1, 0.000752761663141474, -0.999999716674899, 0.006211180124223602)
(1, 1, 0.000757437200530479, 0.999999713144403, 0.006172839506172839)
(1, -1, 0.000762112737902926, -0.999999709592045, 0.006134969325153374)
(-1, 1, 0.000766788275258713, 0.999999706017827, 0.006097560975609756)
(1, -1, 0.000771463812597737, -0.999999702421749, 0.006060606060606061)
(1, 1, 0.000776139349919897, 0.999999698803809, 0.006024096385542169)
(-1, -1, 0.000780814887225090, -0.999999695164009, 0.005988023952095809)
(1, 1, 0.000785490424513213, 0.999999691502349, 0.005952380952380952)
(1, -1, 0.000790165961784165, -0.999999687818828, 0.005917159763313609)
(1, 1, 0.000794841499037844, 0.999999684113446, 0.0058823529411764705)
(1, -1, 0.000799517036274147, -0.999999680386203, 0.005847953216374269)
(-1, 1, 0.000804192573492972, 0.999999676637100, 0.005813953488372093)
(-1, -1, 0.000808868110694217, -0.999999672866136, 0.005780346820809248)
(-1, 1, 0.000813543647877779, 0.999999669073312, 0.005747126436781609)
(-1, -1, 0.000818219185043557, -0.999999665258627, 0.005714285714285714)
(-1, 1, 0.000822894722191448, 0.999999661422081, 0.005681818181818182)
(-1, -1, 0.000827570259321350, -0.999999657563674, 0.005649717514124294)
(-1, 1, 0.000832245796433161, 0.999999653683407, 0.0056179775280898875)
(-1, -1, 0.000836921333526778, -0.999999649781279, 0.00558659217877095)
(1, 1, 0.000841596870602099, 0.999999645857291, 0.005555555555555556)
