516.246824029674
(1, -1, 4.77744100582255e-6, 0.809022048941895, 1.0)
(-1, 1, 9.55488201153605e-6, 0.309033351348283, 0.5)
(1, -1, 0.0000143323230170315, -0.308992458743559, 0.3333333333333333)
(1, 1, 0.0000191097640221998, -0.808996775508898, 0.25)
(1, -1, 0.0000238872050269319, -0.999999999075630, 0.2)
(-1, 1, 0.0000286646460311189, -0.809047320879220, 0.16666666666666666)
(1, -1, 0.0000334420870346516, -0.309074243381684, 0.14285714285714285)
(-1, 1, 0.0000382195280374210, 0.308951565567588, 0.125)
(1, -1, 0.0000429969690393181, 0.808971500580277, 0.1111111111111111)
(-1, 1, 0.0000477744100402339, 0.999999996302521, 0.1)
(1, -1, 0.0000525518510400592, 0.809072591320829, 0.09090909090909091)
(1, 1, 0.0000573292920386851, 0.309115134843689, 0.08333333333333333)
(1, -1, 0.0000621067330360025, -0.308910671820447, 0.07692307692307693)
(-1, 1, 0.0000668841740319024, -0.808946224156078, 0.07142857142857142)
(1, -1, 0.0000716616150262758, -0.999999991680673, 0.06666666666666667)
(1, 1, 0.0000764390560190135, -0.809097860266673, 0.0625)
(-1, -1, 0.0000812164970100066, -0.309156025734220, 0.058823529411764705)
(-1, 1, 0.0000859939379991460, 0.308869777502210, 0.05555555555555555)
(-1, -1, 0.0000907713789863227, 0.808920946236349, 0.05263157894736842)
(1, 1, 0.0000955488199714277, 0.999999985210085, 0.05)
(1, -1, 0.000100326260954352, 0.809123127716706, 0.047619047619047616)
(-1, 1, 0.000105103701934986, 0.309196916053202, 0.045454545454545456)
(-1, -1, 0.000109881142913222, -0.308828882612953, 0.043478260869565216)
(-1, 1, 0.000114658583888949, -0.808895666821136, 0.041666666666666664)
(1, -1, 0.000119436024862060, -0.999999976890758, 0.04)
(-1, 1, 0.000124213465832444, -0.809148393670881, 0.038461538461538464)
(1, -1, 0.000128990906799994, -0.309237805800559, 0.037037037037037035)
(1, 1, 0.000133768347764599, 0.308787987152753, 0.03571428571428571)
(-1, -1, 0.000138545788726151, 0.808870385910486, 0.034482758620689655)
(-1, 1, 0.000143323229684541, 0.999999966722692, 0.03333333333333333)
(-1, -1, 0.000148100670639660, 0.809173658129151, 0.03225806451612903)
(-1, 1, 0.000152878111591399, 0.309278694976216, 0.03125)
(1, -1, 0.000157655552539648, -0.308747091121684, 0.030303030303030304)
(1, 1, 0.000162432993484300, -0.808845103504445, 0.029411764705882353)
(1, -1, 0.000167210434425243, -0.999999954705886, 0.02857142857142857)
(1, 1, 0.000171987875362371, -0.809198921091471, 0.027777777777777776)
(1, -1, 0.000176765316295572, -0.309319583580098, 0.02702702702702703)
(1, 1, 0.000181542757224740, 0.308706194519822, 0.02631578947368421)
(1, -1, 0.000186320198149764, 0.808819819603060, 0.02564102564102564)
(-1, 1, 0.000191097639070535, 0.999999940840341, 0.025)
(1, -1, 0.000195875079986945, 0.809224182557792, 0.024390243902439025)
(-1, 1, 0.000200652520898884, 0.309360471612129, 0.023809523809523808)
(-1, -1, 0.000205429961806243, -0.308665297347242, 0.023255813953488372)
(1, 1, 0.000210207402708914, -0.808794534206379, 0.022727272727272728)
(1, -1, 0.000214984843606787, -0.999999925126057, 0.022222222222222223)
(1, 1, 0.000219762284499753, -0.809249442528070, 0.021739130434782608)
(1, -1, 0.000224539725387703, -0.309401359072232, 0.02127659574468085)
(1, 1, 0.000229317166270529, 0.308624399604021, 0.020833333333333332)
(1, -1, 0.000234094607148120, 0.808769247314447, 0.02040816326530612)
(-1, 1, 0.000238872048020369, 0.999999907563034, 0.02)
(-1, -1, 0.000243649488887165, 0.809274701002255, 0.0196078431372549)
(1, 1, 0.000248426929748400, 0.309442245960333, 0.019230769230769232)
(-1, -1, 0.000253204370603966, -0.308583501290234, 0.018867924528301886)
(-1, 1, 0.000257981811453752, -0.808743958927311, 0.018518518518518517)
(1, -1, 0.000262759252297650, -0.999999888151271, 0.01818181818181818)
(-1, 1, 0.000267536693135551, -0.809299957980303, 0.017857142857142856)
(-1, -1, 0.000272314133967346, -0.309483132276356, 0.017543859649122806)
(1, 1, 0.000277091574792925, 0.308542602405957, 0.017241379310344827)
(-1, -1, 0.000281869015612180, 0.808718669045019, 0.01694915254237288)
(1, 1, 0.000286646456425002, 0.999999866890770, 0.016666666666666666)
(1, -1, 0.000291423897231281, 0.809325213462166, 0.01639344262295082)
(1, 1, 0.000296201338030909, 0.309524018020226, 0.016129032258064516)
(1, -1, 0.000300978778823776, -0.308501702951264, 0.015873015873015872)
(1, 1, 0.000305756219609774, -0.808693377667617, 0.015625)
(1, -1, 0.000310533660388793, -0.999999843781529, 0.015384615384615385)
(-1, 1, 0.000315311101160725, -0.809350467447798, 0.015151515151515152)
(-1, -1, 0.000320088541925460, -0.309564903191866, 0.014925373134328358)
(-1, 1, 0.000324865982682889, 0.308460802926233, 0.014705882352941176)
(-1, -1, 0.000329643423432904, 0.808668084795151, 0.014492753623188406)
(-1, 1, 0.000334420864175395, 0.999999818823549, 0.014285714285714285)
(1, -1, 0.000339198304910253, 0.809375719937151, 0.014084507042253521)
(-1, 1, 0.000343975745637369, 0.309605787791201, 0.013888888888888888)
(-1, -1, 0.000348753186356634, -0.308419902330938, 0.0136986301369863)
(-1, 1, 0.000353530627067940, -0.808642790427669, 0.013513513513513514)
(1, -1, 0.000358308067771176, -0.999999792016831, 0.013333333333333334)
(-1, 1, 0.000363085508466235, -0.809400970930180, 0.013157894736842105)
(1, -1, 0.000367862949153006, -0.309646671818156, 0.012987012987012988)
(-1, 1, 0.000372640389831381, 0.308379001165454, 0.01282051282051282)
(1, -1, 0.000377417830501252, 0.808617494565217, 0.012658227848101266)
(1, 1, 0.000382195271162508, 0.999999763361373, 0.0125)
(1, -1, 0.000386972711815040, 0.809426220426838, 0.012345679012345678)
(-1, 1, 0.000391750152458741, 0.309687555272655, 0.012195121951219513)
(1, -1, 0.000396527593093500, -0.308338099429859, 0.012048192771084338)
(1, 1, 0.000401305033719209, -0.808592197207843, 0.011904761904761904)
(-1, -1, 0.000406082474335759, -0.999999732857176, 0.011764705882352941)
(1, 1, 0.000410859914943040, -0.809451468427077, 0.011627906976744186)
(-1, -1, 0.000415637355540944, -0.309728438154622, 0.011494252873563218)
(-1, 1, 0.000420414796129361, 0.308297197124226, 0.011363636363636364)
(1, -1, 0.000425192236708183, 0.808566898355592, 0.011235955056179775)
(-1, 1, 0.000429969677277300, 0.999999700504241, 0.011111111111111112)
(1, -1, 0.000434747117836604, 0.809476714930852, 0.01098901098901099)
(-1, 1, 0.000439524558385985, 0.309769320463983, 0.010869565217391304)
(-1, -1, 0.000444301998925334, -0.308256294248633, 0.010752688172043012)
(-1, 1, 0.000449079439454542, -0.808541598008511, 0.010638297872340425)
(-1, -1, 0.000453856879973501, -0.999999666302566, 0.010526315789473684)
(-1, 1, 0.000458634320482101, -0.809501959938115, 0.010416666666666666)
(-1, -1, 0.000463411760980233, -0.309810202200660, 0.010309278350515464)
(-1, 1, 0.000468189201467789, 0.308215390803154, 0.01020408163265306)
(1, -1, 0.000472966641944658, 0.808516296166648, 0.010101010101010102)
(1, 1, 0.000477744082410732, 0.999999630252153, 0.01)
(1, -1, 0.000482521522865903, 0.809527203448820, 0.009900990099009901)
(1, 1, 0.000487298963310060, 0.309851083364579, 0.00980392156862745)
(-1, -1, 0.000492076403743095, -0.308174486787865, 0.009708737864077669)
(-1, 1, 0.000496853844164899, -0.808490992830049, 0.009615384615384616)
(1, -1, 0.000501631284575363, -0.999999592353002, 0.009523809523809525)
(1, 1, 0.000506408724974378, -0.809552445462920, 0.009433962264150943)
(-1, -1, 0.000511186165361835, -0.309891963955665, 0.009345794392523364)
(1, 1, 0.000515963605737624, 0.308133582202841, 0.009259259259259259)
(-1, -1, 0.000520741046101637, 0.808465687998761, 0.009174311926605505)
(-1, 1, 0.000525518486453764, 0.999999552605111, 0.00909090909090909)
(1, -1, 0.000530295926793897, 0.809577685980369, 0.009009009009009009)
(1, 1, 0.000535073367121927, 0.309932843973840, 0.008928571428571428)
(-1, -1, 0.000539850807437744, -0.308092677048159, 0.008849557522123894)
(1, 1, 0.000544628247741240, -0.808440381672831, 0.008771929824561403)
(-1, -1, 0.000549405688032305, -0.999999511008482, 0.008695652173913044)
(-1, 1, 0.000554183128310831, -0.809602925001120, 0.008620689655172414)
(1, -1, 0.000558960568576707, -0.309973723419031, 0.008547008547008548)
(1, 1, 0.000563738008829827, 0.308051771323894, 0.00847457627118644)
(-1, -1, 0.000568515449070079, 0.808415073852305, 0.008403361344537815)
(-1, 1, 0.000573292889297356, 0.999999467563115, 0.008333333333333333)
(1, -1, 0.000578070329511547, 0.809628162525125, 0.008264462809917356)
(-1, 1, 0.000582847769712545, 0.310014602291161, 0.00819672131147541)
(1, -1, 0.000587625209900241, -0.308010865030122, 0.008130081300813009)
(-1, 1, 0.000592402650074524, -0.808389764537230, 0.008064516129032258)
(1, -1, 0.000597180090235286, -0.999999422269010, 0.008)
(-1, 1, 0.000601957530382419, -0.809653398552340, 0.007936507936507936)
(-1, -1, 0.000606734970515812, -0.310055480590155, 0.007874015748031496)
(-1, 1, 0.000611512410635357, 0.307969958166918, 0.0078125)
(-1, -1, 0.000616289850740945, 0.808364453727653, 0.007751937984496124)
(-1, 1, 0.000621067290832467, 0.999999375126166, 0.007692307692307693)
(1, -1, 0.000625844730909813, 0.809678633082716, 0.007633587786259542)
(1, 1, 0.000630622170972876, 0.310096358315937, 0.007575757575757576)
(-1, -1, 0.000635399611021545, -0.307929050734357, 0.007518796992481203)
(1, 1, 0.000640177051055712, -0.808339141423622, 0.007462686567164179)
(1, -1, 0.000644954491075267, -0.999999326134583, 0.007407407407407408)
(1, 1, 0.000649731931080102, -0.809703866116208, 0.007352941176470588)
(1, -1, 0.000654509371070108, -0.310137235468432, 0.0072992700729927005)
(1, 1, 0.000659286811045175, 0.307888142732516, 0.007246376811594203)
(-1, -1, 0.000664064251005194, 0.808313827625181, 0.007194244604316547)
(1, 1, 0.000668841690950057, 0.999999275294263, 0.007142857142857143)
(1, -1, 0.000673619130879655, 0.809729097652768, 0.0070921985815602835)
(-1, 1, 0.000678396570793877, 0.310178112047564, 0.007042253521126761)
(1, -1, 0.000683174010692617, -0.307847234161470, 0.006993006993006993)
(1, 1, 0.000687951450575763, -0.808288512332380, 0.006944444444444444)
(-1, -1, 0.000692728890443207, -0.999999222605205, 0.006896551724137931)
(1, 1, 0.000697506330294841, -0.809754327692350, 0.00684931506849315)
(1, -1, 0.000702283770130555, -0.310218988053258, 0.006802721088435374)
(1, 1, 0.000707061209950240, 0.307806325021295, 0.006756756756756757)
(-1, -1, 0.000711838649753787, 0.808263195545263, 0.006711409395973154)
(-1, 1, 0.000716616089541088, 0.999999168067409, 0.006666666666666667)
(-1, -1, 0.000721393529312032, 0.809779556234907, 0.006622516556291391)
(1, 1, 0.000726170969066511, 0.310259863485437, 0.006578947368421052)
(-1, -1, 0.000730948408804416, -0.307765415312066, 0.006535947712418301)
(-1, 1, 0.000735725848525638, -0.808237877263878, 0.006493506493506494)
(-1, -1, 0.000740503288230068, -0.999999111680875, 0.0064516129032258064)
(1, 1, 0.000745280727917596, -0.809804783280394, 0.00641025641025641)
(-1, -1, 0.000750058167588114, -0.310300738344027, 0.006369426751592357)
(-1, 1, 0.000754835607241513, 0.307724505033859, 0.006329113924050633)
(-1, -1, 0.000759613046877684, 0.808212557488273, 0.006289308176100629)
(-1, 1, 0.000764390486496517, 0.999999053445603, 0.00625)
(-1, -1, 0.000769167926097904, 0.809830008828762, 0.006211180124223602)
(-1, 1, 0.000773945365681736, 0.310341612628951, 0.006172839506172839)
(1, -1, 0.000778722805247903, -0.307683594186750, 0.006134969325153374)
(1, 1, 0.000783500244796296, -0.808187236218493, 0.006097560975609756)
(1, -1, 0.000788277684326807, -0.999998993361594, 0.006060606060606061)
(-1, 1, 0.000793055123839326, -0.809855232879965, 0.006024096385542169)
(-1, -1, 0.000797832563333745, -0.310382486340135, 0.005988023952095809)
(-1, 1, 0.000802610002809954, 0.307642682770814, 0.005952380952380952)
(1, -1, 0.000807387442267844, 0.808161913454585, 0.005917159763313609)
(1, 1, 0.000812164881707307, 0.999998931428847, 0.0058823529411764705)
(-1, -1, 0.000816942321128232, 0.809880455433957, 0.005847953216374269)
(-1, 1, 0.000821719760530512, 0.310423359477503, 0.005813953488372093)
(1, -1, 0.000826497199914037, -0.307601770786126, 0.005780346820809248)
(1, 1, 0.000831274639278698, -0.808136589196597, 0.005747126436781609)
(1, -1, 0.000836052078624386, -0.999998867647363, 0.005714285714285714)
(1, 1, 0.000840829517950992, -0.809905676490692, 0.005681818181818182)
(-1, -1, 0.000845606957258407, -0.310464232040978, 0.005649717514124294)
(-1, 1, 0.000850384396546522, 0.307560858232764, 0.0056179775280898875)
(-1, -1, 0.000855161835815228, 0.808111263444574, 0.00558659217877095)
