481.554362010861
(1, -1, 5.49059583585850e-6, 0.309021171865525, 1.0)
(1, 1, 0.0000109811916715515, -0.809011830677716, 0.5)
(-1, -1, 0.0000164717875069134, -0.809024739803727, 0.3333333333333333)
(1, 1, 0.0000219623833417788, 0.309000284353017, 0.25)
(-1, -1, 0.0000274529791759820, 0.999999999758827, 0.2)
(-1, 1, 0.0000329435750093577, 0.309042059228977, 0.16666666666666666)
(1, -1, 0.0000384341708417402, -0.808998921161480, 0.14285714285714285)
(1, 1, 0.0000439247666729641, -0.809037648539509, 0.125)
(1, -1, 0.0000494153625028637, 0.308979396691465, 0.1111111111111111)
(-1, 1, 0.0000549059583312737, 0.999999999035307, 0.1)
(1, -1, 0.0000603965541580284, 0.309062946443364, 0.09090909090909091)
(-1, 1, 0.0000658871499829624, -0.808986011255027, 0.08333333333333333)
(-1, -1, 0.0000713777458059101, -0.809050556885054, 0.07692307692307693)
(1, 1, 0.0000768683416267060, 0.308958508880878, 0.07142857142857142)
(1, -1, 0.0000823589374451846, 0.999999997829442, 0.06666666666666667)
(1, 1, 0.0000878495332611803, 0.309083833508675, 0.0625)
(1, -1, 0.0000933401290745277, -0.808973100958363, 0.058823529411764705)
(1, 1, 0.0000988307248850612, -0.809063464840357, 0.05555555555555555)
(1, -1, 0.000104321320692615, 0.308937620921265, 0.05263157894736842)
(-1, 1, 0.000109811916497024, 0.999999996141230, 0.05)
(-1, -1, 0.000115302512298123, 0.309104720424901, 0.047619047619047616)
(1, 1, 0.000120793108095746, -0.808960190271493, 0.045454545454545456)
(1, -1, 0.000126283703889727, -0.809076372405411, 0.043478260869565216)
(-1, 1, 0.000131774299679901, 0.308916732812638, 0.041666666666666664)
(1, -1, 0.000137264895466103, 0.999999993970672, 0.04)
(-1, 1, 0.000142755491248166, 0.309125607192032, 0.038461538461538464)
(-1, -1, 0.000148246087025926, -0.808947279194424, 0.037037037037037035)
(1, 1, 0.000153736682799217, -0.809089279580210, 0.03571428571428571)
(1, -1, 0.000159227278567873, 0.308895844555005, 0.034482758620689655)
(1, 1, 0.000164717874331729, 0.999999991317767, 0.03333333333333333)
(1, -1, 0.000170208470090619, 0.309146493810057, 0.03225806451612903)
(1, 1, 0.000175699065844378, -0.808934367727163, 0.03125)
(-1, -1, 0.000181189661592841, -0.809102186364747, 0.030303030303030304)
(1, 1, 0.000186680257335841, 0.308874956148378, 0.029411764705882353)
(-1, -1, 0.000192170853073213, 0.999999988182516, 0.02857142857142857)
(1, 1, 0.000197661448804792, 0.309167380278966, 0.027777777777777776)
(1, -1, 0.000203152044530412, -0.808921455869715, 0.02702702702702703)
(1, 1, 0.000208642640249908, -0.809115092759018, 0.02631578947368421)
(1, -1, 0.000214133235963114, 0.308854067592766, 0.02564102564102564)
(-1, 1, 0.000219623831669864, 0.999999984564919, 0.025)
(-1, -1, 0.000225114427369994, 0.309188266598750, 0.024390243902439025)
(-1, 1, 0.000230605023063337, -0.808908543622087, 0.023809523809523808)
(-1, -1, 0.000236095618749728, -0.809127998763014, 0.023255813953488372)
(1, 1, 0.000241586214429002, 0.308833178888180, 0.022727272727272728)
(-1, -1, 0.000247076810100993, 0.999999980464976, 0.022222222222222223)
(1, 1, 0.000252567405765535, 0.309209152769397, 0.021739130434782608)
(-1, -1, 0.000258058001422463, -0.808895630984285, 0.02127659574468085)
(-1, 1, 0.000263548597071612, -0.809140904376731, 0.020833333333333332)
(1, -1, 0.000269039192712815, 0.308812290034629, 0.02040816326530612)
(1, 1, 0.000274529788345908, 0.999999975882686, 0.02)
(-1, -1, 0.000280020383970724, 0.309230038790899, 0.0196078431372549)
(-1, 1, 0.000285510979587099, -0.808882717956315, 0.019230769230769232)
(1, -1, 0.000291001575194867, -0.809153809600162, 0.018867924528301886)
(-1, 1, 0.000296492170793862, 0.308791401032124, 0.018518518518518517)
(-1, -1, 0.000301982766383919, 0.999999970818050, 0.01818181818181818)
(1, 1, 0.000307473361964872, 0.309250924663245, 0.017857142857142856)
(-1, -1, 0.000312963957536556, -0.808869804538184, 0.017543859649122806)
(1, 1, 0.000318454553098805, -0.809166714433300, 0.017241379310344827)
(-1, -1, 0.000323945148651453, 0.308770511880674, 0.01694915254237288)
(1, 1, 0.000329435744194336, 0.999999965271068, 0.016666666666666666)
(1, -1, 0.000334926339727287, 0.309271810386425, 0.01639344262295082)
(1, 1, 0.000340416935250142, -0.808856890729897, 0.016129032258064516)
(1, -1, 0.000345907530762734, -0.809179618876140, 0.015873015873015872)
(1, 1, 0.000351398126264898, 0.308749622580290, 0.015625)
(1, -1, 0.000356888721756469, 0.999999959241739, 0.015384615384615385)
(-1, 1, 0.000362379317237280, 0.309292695960429, 0.015151515151515152)
(1, -1, 0.000367869912707167, -0.808843976531461, 0.014925373134328358)
(1, 1, 0.000373360508165964, -0.809192522928675, 0.014705882352941176)
(-1, -1, 0.000378851103613506, 0.308728733130982, 0.014492753623188406)
(-1, 1, 0.000384341699049626, 0.999999952730065, 0.014285714285714285)
(-1, -1, 0.000389832294474160, 0.309313581385246, 0.014084507042253521)
(1, 1, 0.000395322889886942, -0.808831061942882, 0.013888888888888888)
(1, -1, 0.000400813485287806, -0.809205426590899, 0.0136986301369863)
(1, 1, 0.000406304080676586, 0.308707843532759, 0.013513513513513514)
(-1, -1, 0.000411794676053119, 0.999999945736044, 0.013333333333333334)
(1, 1, 0.000417285271417236, 0.309334466660868, 0.013157894736842105)
(1, -1, 0.000422775866768774, -0.808818146964167, 0.012987012987012988)
(1, 1, 0.000428266462107567, -0.809218329862806, 0.01282051282051282)
(-1, -1, 0.000433757057433449, 0.308686953785633, 0.012658227848101266)
(-1, 1, 0.000439247652746255, 0.999999938259676, 0.0125)
(1, -1, 0.000444738248045819, 0.309355351787282, 0.012345679012345678)
(-1, 1, 0.000450228843331975, -0.808805231595321, 0.012195121951219513)
(-1, -1, 0.000455719438604559, -0.809231232744389, 0.012048192771084338)
(-1, 1, 0.000461210033863404, 0.308666063889613, 0.011904761904761904)
(-1, -1, 0.000466700629108346, 0.999999930300963, 0.011764705882352941)
(-1, 1, 0.000472191224339217, 0.309376236764481, 0.011627906976744186)
(-1, -1, 0.000477681819555854, -0.808792315836351, 0.011494252873563218)
(1, 1, 0.000483172414758091, -0.809244135235643, 0.011363636363636364)
(1, -1, 0.000488663009945761, 0.308645173844708, 0.011235955056179775)
(-1, 1, 0.000494153605118700, 0.999999921859903, 0.011111111111111112)
(-1, -1, 0.000499644200276742, 0.309397121592453, 0.01098901098901099)
(1, 1, 0.000505134795419721, -0.808779399687263, 0.010869565217391304)
(-1, -1, 0.000510625390547472, -0.809257037336560, 0.010752688172043012)
(-1, 1, 0.000516115985659829, 0.308624283650930, 0.010638297872340425)
(-1, -1, 0.000521606580756627, 0.999999912936497, 0.010526315789473684)
(-1, 1, 0.000527097175837701, 0.309418006271189, 0.010416666666666666)
(-1, -1, 0.000532587770902884, -0.808766483148063, 0.010309278350515464)
(1, 1, 0.000538078365952011, -0.809269939047136, 0.01020408163265306)
(1, -1, 0.000543568960984918, 0.308603393308288, 0.010101010101010102)
(1, 1, 0.000549059556001437, 0.999999903530745, 0.01)
(-1, -1, 0.000554550151001405, 0.309438890800677, 0.009900990099009901)
(-1, 1, 0.000560040745984654, -0.808753566218758, 0.00980392156862745)
(-1, -1, 0.000565531340951020, -0.809282840367363, 0.009708737864077669)
(-1, 1, 0.000571021935900337, 0.308582502816792, 0.009615384615384616)
(1, -1, 0.000576512530832440, 0.999999893642647, 0.009523809523809525)
(1, 1, 0.000582003125747163, 0.309459775180910, 0.009433962264150943)
(1, -1, 0.000587493720644340, -0.808740648899354, 0.009345794392523364)
(-1, 1, 0.000592984315523807, -0.809295741297236, 0.009259259259259259)
(1, -1, 0.000598474910385397, 0.308561612176453, 0.009174311926605505)
(-1, 1, 0.000603965505228945, 0.999999883272202, 0.00909090909090909)
(-1, -1, 0.000609456100054285, 0.309480659411875, 0.009009009009009009)
(1, 1, 0.000614946694861252, -0.808727731189856, 0.008928571428571428)
(-1, -1, 0.000620437289649681, -0.809308641836748, 0.008849557522123894)
(-1, 1, 0.000625927884419406, 0.308540721387280, 0.008771929824561403)
(-1, -1, 0.000631418479170261, 0.999999872419411, 0.008695652173913044)
(1, 1, 0.000636909073902081, 0.309501543493564, 0.008620689655172414)
(-1, -1, 0.000642399668614700, -0.808714813090272, 0.008547008547008548)
(-1, 1, 0.000647890263307953, -0.809321541985893, 0.00847457627118644)
(1, -1, 0.000653380857981674, 0.308519830449283, 0.008403361344537815)
(1, 1, 0.000658871452635699, 0.999999861084274, 0.008333333333333333)
(1, -1, 0.000664362047269860, 0.309522427425965, 0.008264462809917356)
(1, 1, 0.000669852641883993, -0.808701894600607, 0.00819672131147541)
(1, -1, 0.000675343236477932, -0.809334441744665, 0.008130081300813009)
(1, 1, 0.000680833831051512, 0.308498939362473, 0.008064516129032258)
(-1, -1, 0.000686324425604567, 0.999999849266791, 0.008)
(1, 1, 0.000691815020136932, 0.309543311209070, 0.007936507936507936)
(1, -1, 0.000697305614648441, -0.808688975720867, 0.007874015748031496)
(1, 1, 0.000702796209138928, -0.809347341113057, 0.0078125)
(1, -1, 0.000708286803608228, 0.308478048126860, 0.007751937984496124)
(1, 1, 0.000713777398056176, 0.999999836966961, 0.007692307692307693)
(1, -1, 0.000719267992482606, 0.309564194842868, 0.007633587786259542)
(-1, 1, 0.000724758586887353, -0.808676056451060, 0.007575757575757576)
(1, -1, 0.000730249181270250, -0.809360240091063, 0.007518796992481203)
(1, 1, 0.000735739775631133, 0.308457156742454, 0.007462686567164179)
(1, -1, 0.000741230369969836, 0.999999824184785, 0.007407407407407408)
(1, 1, 0.000746720964286193, 0.309585078327348, 0.007352941176470588)
(1, -1, 0.000752211558580039, -0.808663136791191, 0.0072992700729927005)
(-1, 1, 0.000757702152851208, -0.809373138678678, 0.007246376811594203)
(-1, -1, 0.000763192747099536, 0.308436265209265, 0.007194244604316547)
(-1, 1, 0.000768683341324855, 0.999999810920263, 0.007142857142857143)
(1, -1, 0.000774173935527001, 0.309605961662501, 0.0070921985815602835)
(-1, 1, 0.000779664529705809, -0.808650216741265, 0.007042253521126761)
(-1, -1, 0.000785155123861112, -0.809386036875894, 0.006993006993006993)
(1, 1, 0.000790645717992746, 0.308415373527302, 0.006944444444444444)
(-1, -1, 0.000796136312100544, 0.999999797173395, 0.006896551724137931)
(1, 1, 0.000801626906184341, 0.309626844848318, 0.00684931506849315)
(-1, -1, 0.000807117500243972, -0.808637296301291, 0.006802721088435374)
(1, 1, 0.000812608094279271, -0.809398934682707, 0.006756756756756757)
(1, -1, 0.000818098688290073, 0.308394481696576, 0.006711409395973154)
(-1, 1, 0.000823589282276212, 0.999999782944181, 0.006666666666666667)
(1, -1, 0.000829079876237522, 0.309647727884786, 0.006622516556291391)
(1, 1, 0.000834570470173838, -0.808624375471273, 0.006578947368421052)
(1, -1, 0.000840061064084995, -0.809411832099108, 0.006535947712418301)
(1, 1, 0.000845551657970827, 0.308373589717098, 0.006493506493506494)
(-1, -1, 0.000851042251831168, 0.999999768232620, 0.0064516129032258064)
(1, 1, 0.000856532845665853, 0.309668610771897, 0.00641025641025641)
(-1, -1, 0.000862023439474717, -0.808611454251219, 0.006369426751592357)
(-1, 1, 0.000867514033257593, -0.809424729125093, 0.006329113924050633)
(-1, -1, 0.000873004627014317, 0.308352697588877, 0.006289308176100629)
(-1, 1, 0.000878495220744723, 0.999999753038714, 0.00625)
(1, -1, 0.000883985814448645, 0.309689493509641, 0.006211180124223602)
(1, 1, 0.000889476408125918, -0.808598532641134, 0.006172839506172839)
(1, -1, 0.000894967001776375, -0.809437625760655, 0.006134969325153374)
(-1, 1, 0.000900457595399853, 0.308331805311922, 0.006097560975609756)
(1, -1, 0.000905948188996186, 0.999999737362461, 0.006060606060606061)
(-1, 1, 0.000911438782565206, 0.309710376098007, 0.006024096385542169)
(-1, -1, 0.000916929376106750, -0.808585610641024, 0.005988023952095809)
(-1, 1, 0.000922419969620652, -0.809450522005787, 0.005952380952380952)
(1, -1, 0.000927910563106745, 0.308310912886245, 0.005917159763313609)
(-1, 1, 0.000933401156564866, 0.999999721203862, 0.0058823529411764705)
(1, -1, 0.000938891749994847, 0.309731258536986, 0.005847953216374269)
(-1, 1, 0.000944382343396524, -0.808572688250896, 0.005813953488372093)
(-1, -1, 0.000949872936769731, -0.809463417860484, 0.005780346820809248)
(-1, 1, 0.000955363530114303, 0.308290020311856, 0.005747126436781609)
(1, -1, 0.000960854123430073, 0.999999704562917, 0.005714285714285714)
