538.476095305597
(1, -1, 4.39113978072162e-6, 0.809021640234643, 1.0)
(1, 1, 8.78227956135857e-6, 0.309032028735905, 0.5)
(1, -1, 0.0000131734193418262, -0.308994442688721, 0.3333333333333333)
(1, 1, 0.0000175645591220398, -0.808998410430742, 0.25)
(1, -1, 0.0000219556989019147, -0.999999999219075, 0.2)
(1, 1, 0.0000263468386813663, -0.809044868774973, 0.16666666666666666)
(-1, -1, 0.0000307379784603098, -0.309069614300426, 0.14285714285714285)
(1, 1, 0.0000351291182386607, 0.308956856158935, 0.125)
(1, -1, 0.0000395202580163341, 0.808975179363307, 0.1111111111111111)
(1, 1, 0.0000439113977932456, 0.999999996876298, 0.1)
(1, -1, 0.0000483025375693104, 0.809068096051695, 0.09090909090909091)
(1, 1, 0.0000526936773444437, 0.309107199382226, 0.08333333333333333)
(1, -1, 0.0000570848171185611, -0.308919269146605, 0.07692307692307693)
(-1, 1, 0.0000614759568915777, -0.808951947032372, 0.07142857142857142)
(1, -1, 0.0000658670966634089, -0.999999992971671, 0.06666666666666667)
(1, 1, 0.0000702582364339701, -0.809091322064774, 0.0625)
(-1, -1, 0.0000746493762031765, -0.309144783981247, 0.058823529411764705)
(1, 1, 0.0000790405159709436, 0.308881681651788, 0.05555555555555555)
(1, -1, 0.0000834316557371865, 0.808928713437976, 0.05263157894736842)
(1, 1, 0.0000878227955018208, 0.999999987505194, 0.05)
(-1, -1, 0.0000922139352647616, 0.809114546814173, 0.047619047619047616)
(1, 1, 0.0000966050750259244, 0.309182368097430, 0.045454545454545456)
(-1, -1, 0.000100996214785224, -0.308844093674544, 0.043478260869565216)
(1, 1, 0.000105387354542577, -0.808905478580154, 0.041666666666666664)
(1, -1, 0.000109778494297897, -0.999999980476865, 0.04)
(1, 1, 0.000114169634051101, -0.809137770299855, 0.038461538461538464)
(1, -1, 0.000118560773802103, -0.309219951730717, 0.037037037037037035)
(-1, 1, 0.000122951913550820, 0.308806505214932, 0.03571428571428571)
(1, -1, 0.000127343053297165, 0.808882242458942, 0.034482758620689655)
(1, 1, 0.000131734193041055, 0.999999971886686, 0.03333333333333333)
(1, -1, 0.000136125332782405, 0.809160992521786, 0.03225806451612903)
(1, 1, 0.000140516472521130, 0.309257534881048, 0.03125)
(1, -1, 0.000144907612257146, -0.308768916273011, 0.030303030303030304)
(-1, 1, 0.000149298751990367, -0.808859005074376, 0.029411764705882353)
(-1, -1, 0.000153689891720710, -0.999999961734656, 0.02857142857142857)
(1, 1, 0.000158081031448089, -0.809184213479927, 0.027777777777777776)
(1, -1, 0.000162472171172420, -0.309295117548364, 0.02702702702702703)
(1, 1, 0.000166863310893619, 0.308731326848838, 0.02631578947368421)
(1, -1, 0.000171254450611599, 0.808835766426494, 0.02564102564102564)
(1, 1, 0.000175645590326278, 0.999999950020775, 0.025)
(-1, -1, 0.000180036730037570, 0.809207433174243, 0.024390243902439025)
(-1, 1, 0.000184427869745390, 0.309332699732608, 0.023809523809523808)
(1, -1, 0.000188819009449655, -0.308693736942473, 0.023255813953488372)
(1, 1, 0.000193210149150278, -0.808812526515330, 0.022727272727272728)
(1, -1, 0.000197601288847176, -0.999999936745044, 0.022222222222222223)
(-1, 1, 0.000201992428540264, -0.809230651604698, 0.021739130434782608)
(1, -1, 0.000206383568229456, -0.309370281433721, 0.02127659574468085)
(1, 1, 0.000210774707914670, 0.308656146553975, 0.020833333333333332)
(1, -1, 0.000215165847595819, 0.808789285340923, 0.02040816326530612)
(1, 1, 0.000219556987272819, 0.999999921907461, 0.02)
(-1, -1, 0.000223948126945586, 0.809253868771256, 0.0196078431372549)
(1, 1, 0.000228339266614035, 0.309407862651643, 0.019230769230769232)
(-1, -1, 0.000232730406278081, -0.308618555683401, 0.018867924528301886)
(1, 1, 0.000237121545937639, -0.808766042903307, 0.018518518518518517)
(1, -1, 0.000241512685592625, -0.999999905508028, 0.01818181818181818)
(-1, 1, 0.000245903825242954, -0.809277084673880, 0.017857142857142856)
(1, -1, 0.000250294964888542, -0.309445443386316, 0.017543859649122806)
(1, 1, 0.000254686104529303, 0.308580964330812, 0.017241379310344827)
(-1, -1, 0.000259077244165154, 0.808742799202519, 0.01694915254237288)
(1, 1, 0.000263468383796008, 0.999999887546745, 0.016666666666666666)
(-1, -1, 0.000267859523421783, 0.809300299312534, 0.01639344262295082)
(1, 1, 0.000272250663042393, 0.309483023637682, 0.016129032258064516)
(-1, -1, 0.000276641802657753, -0.308543372496265, 0.015873015873015872)
(1, 1, 0.000281032942267779, -0.808719554238595, 0.015625)
(1, -1, 0.000285424081872386, -0.999999868023611, 0.015384615384615385)
(1, 1, 0.000289815221471490, -0.809323512687181, 0.015151515151515152)
(1, -1, 0.000294206361065005, -0.309520603405682, 0.014925373134328358)
(-1, 1, 0.000298597500652848, 0.308505780179819, 0.014705882352941176)
(-1, -1, 0.000302988640234932, 0.808696308011573, 0.014492753623188406)
(-1, 1, 0.000307379779811175, 0.999999846938626, 0.014285714285714285)
(-1, -1, 0.000311770919381491, 0.809346724797786, 0.014084507042253521)
(1, 1, 0.000316162058945795, 0.309558182690256, 0.013888888888888888)
(-1, -1, 0.000320553198504002, -0.308468187381534, 0.0136986301369863)
(1, 1, 0.000324944338056029, -0.808673060521487, 0.013513513513513514)
(1, -1, 0.000329335477601790, -0.999999824291791, 0.013333333333333334)
(1, 1, 0.000333726617141201, -0.809369935644312, 0.013157894736842105)
(-1, -1, 0.000338117756674177, -0.309595761491347, 0.012987012987012988)
(1, 1, 0.000342508896200633, 0.308430594101467, 0.01282051282051282)
(1, -1, 0.000346900035720485, 0.808649811768375, 0.012658227848101266)
(1, 1, 0.000351291175233648, 0.999999800083105, 0.0125)
(1, -1, 0.000355682314740038, 0.809393145226723, 0.012345679012345678)
(-1, 1, 0.000360073454239569, 0.309633339808895, 0.012195121951219513)
(1, -1, 0.000364464593732157, -0.308393000339677, 0.012048192771084338)
(-1, 1, 0.000368855733217718, -0.808626561752272, 0.011904761904761904)
(-1, -1, 0.000373246872696166, -0.999999774312569, 0.011764705882352941)
(1, 1, 0.000377638012167417, -0.809416353544982, 0.011627906976744186)
(1, -1, 0.000382029151631387, -0.309670917642842, 0.011494252873563218)
(1, 1, 0.000386420291087990, 0.308355406096224, 0.011363636363636364)
(1, -1, 0.000390811430537142, 0.808603310473215, 0.011235955056179775)
(1, 1, 0.000395202569978758, 0.999999746980182, 0.011111111111111112)
(-1, -1, 0.000399593709412755, 0.809439560599055, 0.01098901098901099)
(-1, 1, 0.000403984848839046, 0.309708494993130, 0.010869565217391304)
(1, -1, 0.000408375988257547, -0.308317811371166, 0.010752688172043012)
(1, 1, 0.000412767127668175, -0.808580057931241, 0.010638297872340425)
(1, -1, 0.000417158267070843, -0.999999718085945, 0.010526315789473684)
(1, 1, 0.000421549406465467, -0.809462766388903, 0.010416666666666666)
(1, -1, 0.000425940545851963, -0.309746071859699, 0.010309278350515464)
(1, 1, 0.000430331685230246, 0.308280216164561, 0.01020408163265306)
(1, -1, 0.000434722824600232, 0.808556804126385, 0.010101010101010102)
(1, 1, 0.000439113963961835, 0.999999687629857, 0.01)
(1, -1, 0.000443505103314971, 0.809485970914491, 0.009900990099009901)
(-1, 1, 0.000447896242659555, 0.309783648242491, 0.00980392156862745)
(-1, -1, 0.000452287381995503, -0.308242620476468, 0.009708737864077669)
(1, 1, 0.000456678521322729, -0.808533549058684, 0.009615384615384616)
(-1, -1, 0.000461069660641150, -0.999999655611920, 0.009523809523809525)
(-1, 1, 0.000465460799950681, -0.809509174175783, 0.009433962264150943)
(-1, -1, 0.000469851939251237, -0.309821224141447, 0.009345794392523364)
(1, 1, 0.000474243078542733, 0.308205024306947, 0.009259259259259259)
(-1, -1, 0.000478634217825084, 0.808510292728174, 0.009174311926605505)
(1, 1, 0.000483025357098206, 0.999999622032132, 0.00909090909090909)
(1, -1, 0.000487416496362015, 0.809532376172742, 0.009009009009009009)
(-1, 1, 0.000491807635616425, 0.309858799556508, 0.008928571428571428)
(1, -1, 0.000496198774861352, -0.308167427656055, 0.008849557522123894)
(1, 1, 0.000500589914096712, -0.808487035134892, 0.008771929824561403)
(-1, -1, 0.000504981053322419, -0.999999586890493, 0.008695652173913044)
(1, 1, 0.000509372192538389, -0.809555576905333, 0.008620689655172414)
(1, -1, 0.000513763331744537, -0.309896374487617, 0.008547008547008548)
(-1, 1, 0.000518154470940778, 0.308129830523851, 0.00847457627118644)
(1, -1, 0.000522545610127029, 0.808463776278874, 0.008403361344537815)
(1, 1, 0.000526936749303203, 0.999999550187005, 0.008333333333333333)
(1, -1, 0.000531327888469218, 0.809578776373518, 0.008264462809917356)
(-1, 1, 0.000535719027624987, 0.309933948934713, 0.00819672131147541)
(-1, -1, 0.000540110166770426, -0.308092232910395, 0.008130081300813009)
(1, 1, 0.000544501305905451, -0.808440516160156, 0.008064516129032258)
(1, -1, 0.000548892445029977, -0.999999511921666, 0.008)
(-1, 1, 0.000553283584143919, -0.809601974577262, 0.007936507936507936)
(1, -1, 0.000557674723247192, -0.309971522897739, 0.007874015748031496)
(1, 1, 0.000562065862339713, 0.308054634815745, 0.0078125)
(1, -1, 0.000566457001421395, 0.808417254778774, 0.007751937984496124)
(1, 1, 0.000570848140492155, 0.999999472094478, 0.007692307692307693)
(-1, -1, 0.000575239279551908, 0.809625171516529, 0.007633587786259542)
(1, 1, 0.000579630418600569, 0.310009096376635, 0.007575757575757576)
(-1, -1, 0.000584021557638054, -0.308017036239959, 0.007518796992481203)
(1, 1, 0.000588412696664277, -0.808393992134766, 0.007462686567164179)
(1, -1, 0.000592803835679155, -0.999999430705439, 0.007407407407407408)
(-1, 1, 0.000597194974682602, -0.809648367191282, 0.007352941176470588)
(1, -1, 0.000601586113674534, -0.310046669371344, 0.0072992700729927005)
(-1, 1, 0.000605977252654866, 0.307979437183097, 0.007246376811594203)
(-1, -1, 0.000610368391623513, 0.808370728228166, 0.007194244604316547)
(-1, 1, 0.000614759530580392, 0.999999387754551, 0.007142857142857143)
(1, -1, 0.000619150669525416, 0.809671561601485, 0.0070921985815602835)
(-1, 1, 0.000623541808458502, 0.310084241881806, 0.007042253521126761)
(1, -1, 0.000627932947379565, -0.307941837645217, 0.006993006993006993)
(1, 1, 0.000632324086288520, -0.808347463059012, 0.006944444444444444)
(1, -1, 0.000636715225185282, -0.999999343241813, 0.006896551724137931)
(-1, 1, 0.000641106364069767, -0.809694754747102, 0.00684931506849315)
(1, -1, 0.000645497502941890, -0.310121813907963, 0.006802721088435374)
(1, 1, 0.000649888641801567, 0.307904237626377, 0.006756756756756757)
(-1, -1, 0.000654279780648712, 0.808324196627340, 0.006711409395973154)
(1, 1, 0.000658670919483242, 0.999999297167225, 0.006666666666666667)
(-1, -1, 0.000663062058305071, 0.809717946628097, 0.006622516556291391)
(1, 1, 0.000667453197114115, 0.310159385449755, 0.006578947368421052)
(-1, -1, 0.000671844335910289, -0.307866637126637, 0.006535947712418301)
(-1, 1, 0.000676235474693508, -0.808300928933187, 0.006493506493506494)
(1, -1, 0.000680626613463688, -0.999999249530787, 0.0064516129032258064)
(1, 1, 0.000685017752220744, -0.809741137244433, 0.00641025641025641)
(1, -1, 0.000689408890964592, -0.310196956507125, 0.006369426751592357)
(1, 1, 0.000693800029695146, 0.307829036146056, 0.006329113924050633)
(-1, -1, 0.000698191168412322, 0.808277659976587, 0.006289308176100629)
(1, 1, 0.000702582307116036, 0.999999200332500, 0.00625)
(1, -1, 0.000706973445806202, 0.809764326596074, 0.006211180124223602)
(1, 1, 0.000711364584482737, 0.310234527080014, 0.006172839506172839)
(1, -1, 0.000715755723145555, -0.307791434684691, 0.006134969325153374)
(-1, 1, 0.000720146861794572, -0.808254389757579, 0.006097560975609756)
(1, -1, 0.000724538000429702, -0.999999149572363, 0.006060606060606061)
(1, 1, 0.000728929139050862, -0.809787514682984, 0.006024096385542169)
(-1, -1, 0.000733320277657967, -0.310272097168362, 0.005988023952095809)
(-1, 1, 0.000737711416250932, 0.307753832742602, 0.005952380952380952)
(1, -1, 0.000742102554829672, 0.808231118276198, 0.005917159763313609)
(-1, 1, 0.000746493693394103, 0.999999097250377, 0.0058823529411764705)
(1, -1, 0.000750884831944140, 0.809810701505126, 0.005847953216374269)
(1, 1, 0.000755275970479698, 0.310309666772112, 0.005813953488372093)
(1, -1, 0.000759667109000693, -0.307716230319847, 0.005780346820809248)
(1, 1, 0.000764058247507040, -0.808207845532480, 0.005747126436781609)
(-1, -1, 0.000768449385998655, -0.999999043366541, 0.005714285714285714)
(1, 1, 0.000772840524475452, -0.809833887062466, 0.005681818181818182)
(-1, -1, 0.000777231662937347, -0.310347235891204, 0.005649717514124294)
(1, 1, 0.000781622801384255, 0.307678627416486, 0.0056179775280898875)
(-1, -1, 0.000786013939816092, 0.808184571526463, 0.00558659217877095)
(1, 1, 0.000790405078232773, 0.999998987920856, 0.005555555555555556)
(-1, -1, 0.000794796216634213, 0.809857071354965, 0.0055248618784530384)
