504.342301961480
(1, -1, 5.00563669785372e-6, 0.999999998747180, 1.0)
(-1, 1, 0.0000100112733955820, 0.999999994988720, 0.5)
(1, -1, 0.0000150169100930595, 0.999999988724621, 0.3333333333333333)
(1, 1, 0.0000200225467901607, 0.999999979954881, 0.25)
(1, -1, 0.0000250281834867602, 0.999999968679502, 0.2)
(-1, 1, 0.0000300338201827325, 0.999999954898483, 0.16666666666666666)
(1, -1, 0.0000350394568779524, 0.999999938611824, 0.14285714285714285)
(-1, 1, 0.0000400450935722942, 0.999999919819525, 0.125)
(1, -1, 0.0000450507302656327, 0.999999898521587, 0.1111111111111111)
(-1, 1, 0.0000500563669578424, 0.999999874718009, 0.1)
(1, -1, 0.0000550620036487979, 0.999999848408791, 0.09090909090909091)
(1, 1, 0.0000600676403383736, 0.999999819593934, 0.08333333333333333)
(1, -1, 0.0000650732770264444, 0.999999788273438, 0.07692307692307693)
(-1, 1, 0.0000700789137128846, 0.999999754447302, 0.07142857142857142)
(1, -1, 0.0000750845503975688, 0.999999718115527, 0.06666666666666667)
(1, 1, 0.0000800901870803718, 0.999999679278113, 0.0625)
(-1, -1, 0.0000850958237611679, 0.999999637935060, 0.058823529411764705)
(-1, 1, 0.0000901014604398319, 0.999999594086368, 0.05555555555555555)
(1, -1, 0.0000951070971162383, 0.999999547732037, 0.05263157894736842)
(1, 1, 0.000100112733790262, 0.999999498872067, 0.05)
(1, -1, 0.000105118370461776, 0.999999447506458, 0.047619047619047616)
(-1, 1, 0.000110124007130657, 0.999999393635212, 0.045454545454545456)
(1, -1, 0.000115129643796779, 0.999999337258326, 0.043478260869565216)
(-1, 1, 0.000120135280460016, 0.999999278375803, 0.041666666666666664)
(1, -1, 0.000125140917120243, 0.999999216987641, 0.04)
(-1, 1, 0.000130146553777334, 0.999999153093842, 0.038461538461538464)
(1, -1, 0.000135152190431164, 0.999999086694405, 0.037037037037037035)
(1, 1, 0.000140157827081608, 0.999999017789330, 0.03571428571428571)
(1, -1, 0.000145163463728540, 0.999998946378618, 0.034482758620689655)
(-1, 1, 0.000150169100371834, 0.999998872462268, 0.03333333333333333)
(-1, -1, 0.000155174737011366, 0.999998796040282, 0.03225806451612903)
(-1, 1, 0.000160180373647010, 0.999998717112658, 0.03125)
(1, -1, 0.000165186010278640, 0.999998635679398, 0.030303030303030304)
(1, 1, 0.000170191646906132, 0.999998551740502, 0.029411764705882353)
(1, -1, 0.000175197283529358, 0.999998465295969, 0.02857142857142857)
(1, 1, 0.000180202920148196, 0.999998376345800, 0.027777777777777776)
(-1, -1, 0.000185208556762517, 0.999998284889996, 0.02702702702702703)
(-1, 1, 0.000190214193372199, 0.999998190928556, 0.02631578947368421)
(1, -1, 0.000195219829977114, 0.999998094461480, 0.02564102564102564)
(-1, 1, 0.000200225466577137, 0.999997995488770, 0.025)
(-1, -1, 0.000205231103172144, 0.999997894010424, 0.024390243902439025)
(-1, 1, 0.000210236739762008, 0.999997790026444, 0.023809523809523808)
(1, -1, 0.000215242376346605, 0.999997683536830, 0.023255813953488372)
(1, 1, 0.000220248012925808, 0.999997574541581, 0.022727272727272728)
(1, -1, 0.000225253649499493, 0.999997463040699, 0.022222222222222223)
(-1, 1, 0.000230259286067534, 0.999997349034183, 0.021739130434782608)
(1, -1, 0.000235264922629805, 0.999997232522034, 0.02127659574468085)
(1, 1, 0.000240270559186181, 0.999997113504252, 0.020833333333333332)
(1, -1, 0.000245276195736537, 0.999996991980838, 0.02040816326530612)
(-1, 1, 0.000250281832280747, 0.999996867951791, 0.02)
(-1, -1, 0.000255287468818687, 0.999996741417112, 0.0196078431372549)
(1, 1, 0.000260293105350229, 0.999996612376801, 0.019230769230769232)
(1, -1, 0.000265298741875250, 0.999996480830859, 0.018867924528301886)
(-1, 1, 0.000270304378393623, 0.999996346779286, 0.018518518518518517)
(1, -1, 0.000275310014905223, 0.999996210222083, 0.01818181818181818)
(-1, 1, 0.000280315651409925, 0.999996071159248, 0.017857142857142856)
(1, -1, 0.000285321287907603, 0.999995929590784, 0.017543859649122806)
(-1, 1, 0.000290326924398132, 0.999995785516690, 0.017241379310344827)
(-1, -1, 0.000295332560881387, 0.999995638936967, 0.01694915254237288)
(1, 1, 0.000300338197357241, 0.999995489851615, 0.016666666666666666)
(-1, -1, 0.000305343833825571, 0.999995338260634, 0.01639344262295082)
(1, 1, 0.000310349470286249, 0.999995184164025, 0.016129032258064516)
(1, -1, 0.000315355106739151, 0.999995027561789, 0.015873015873015872)
(1, 1, 0.000320360743184152, 0.999994868453925, 0.015625)
(1, -1, 0.000325366379621125, 0.999994706840433, 0.015384615384615385)
(-1, 1, 0.000330372016049946, 0.999994542721316, 0.015151515151515152)
(-1, -1, 0.000335377652470489, 0.999994376096572, 0.014925373134328358)
(-1, 1, 0.000340383288882629, 0.999994206966202, 0.014705882352941176)
(1, -1, 0.000345388925286239, 0.999994035330207, 0.014492753623188406)
(-1, 1, 0.000350394561681196, 0.999993861188587, 0.014285714285714285)
(1, -1, 0.000355400198067373, 0.999993684541342, 0.014084507042253521)
(-1, 1, 0.000360405834444645, 0.999993505388474, 0.013888888888888888)
(-1, -1, 0.000365411470812886, 0.999993323729982, 0.0136986301369863)
(1, 1, 0.000370417107171972, 0.999993139565866, 0.013513513513513514)
(1, -1, 0.000375422743521776, 0.999992952896128, 0.013333333333333334)
(1, 1, 0.000380428379862174, 0.999992763720768, 0.013157894736842105)
(1, -1, 0.000385434016193039, 0.999992572039786, 0.012987012987012988)
(-1, 1, 0.000390439652514247, 0.999992377853183, 0.01282051282051282)
(1, -1, 0.000395445288825672, 0.999992181160959, 0.012658227848101266)
(1, 1, 0.000400450925127188, 0.999991981963114, 0.0125)
(1, -1, 0.000405456561418671, 0.999991780259650, 0.012345679012345678)
(1, 1, 0.000410462197699994, 0.999991576050567, 0.012195121951219513)
(-1, -1, 0.000415467833971032, 0.999991369335865, 0.012048192771084338)
(1, 1, 0.000420473470231661, 0.999991160115545, 0.011904761904761904)
(-1, -1, 0.000425479106481753, 0.999990948389606, 0.011764705882352941)
(-1, 1, 0.000430484742721185, 0.999990734158051, 0.011627906976744186)
(1, -1, 0.000435490378949831, 0.999990517420879, 0.011494252873563218)
(-1, 1, 0.000440496015167564, 0.999990298178091, 0.011363636363636364)
(1, -1, 0.000445501651374261, 0.999990076429688, 0.011235955056179775)
(-1, 1, 0.000450507287569794, 0.999989852175669, 0.011111111111111112)
(1, -1, 0.000455512923754040, 0.999989625416036, 0.01098901098901099)
(1, 1, 0.000460518559926872, 0.999989396150789, 0.010869565217391304)
(-1, -1, 0.000465524196088165, 0.999989164379929, 0.010752688172043012)
(-1, 1, 0.000470529832237794, 0.999988930103456, 0.010638297872340425)
(1, -1, 0.000475535468375633, 0.999988693321370, 0.010526315789473684)
(-1, 1, 0.000480541104501557, 0.999988454033674, 0.010416666666666666)
(-1, -1, 0.000485546740615440, 0.999988212240366, 0.010309278350515464)
(-1, 1, 0.000490552376717157, 0.999987967941448, 0.01020408163265306)
(1, -1, 0.000495558012806583, 0.999987721136920, 0.010101010101010102)
(1, 1, 0.000500563648883591, 0.999987471826784, 0.01)
(-1, -1, 0.000505569284948058, 0.999987220011038, 0.009900990099009901)
(1, 1, 0.000510574920999857, 0.999986965689685, 0.00980392156862745)
(-1, -1, 0.000515580557038862, 0.999986708862725, 0.009708737864077669)
(-1, 1, 0.000520586193064949, 0.999986449530158, 0.009615384615384616)
(1, -1, 0.000525591829077992, 0.999986187691985, 0.009523809523809525)
(-1, 1, 0.000530597465077865, 0.999985923348207, 0.009433962264150943)
(-1, -1, 0.000535603101064444, 0.999985656498824, 0.009345794392523364)
(1, 1, 0.000540608737037602, 0.999985387143838, 0.009259259259259259)
(-1, -1, 0.000545614372997215, 0.999985115283248, 0.009174311926605505)
(-1, 1, 0.000550620008943157, 0.999984840917055, 0.00909090909090909)
(-1, -1, 0.000555625644875302, 0.999984564045261, 0.009009009009009009)
(1, 1, 0.000560631280793525, 0.999984284667865, 0.008928571428571428)
(1, -1, 0.000565636916697700, 0.999984002784869, 0.008849557522123894)
(-1, 1, 0.000570642552587703, 0.999983718396274, 0.008771929824561403)
(1, -1, 0.000575648188463407, 0.999983431502079, 0.008695652173913044)
(1, 1, 0.000580653824324688, 0.999983142102285, 0.008620689655172414)
(1, -1, 0.000585659460171420, 0.999982850196894, 0.008547008547008548)
(1, 1, 0.000590665096003477, 0.999982555785906, 0.00847457627118644)
(-1, -1, 0.000595670731820734, 0.999982258869322, 0.008403361344537815)
(-1, 1, 0.000600676367623066, 0.999981959447143, 0.008333333333333333)
(1, -1, 0.000605682003410347, 0.999981657519369, 0.008264462809917356)
(1, 1, 0.000610687639182452, 0.999981353086001, 0.00819672131147541)
(-1, -1, 0.000615693274939255, 0.999981046147040, 0.008130081300813009)
(-1, 1, 0.000620698910680632, 0.999980736702486, 0.008064516129032258)
(1, -1, 0.000625704546406455, 0.999980424752341, 0.008)
(-1, 1, 0.000630710182116601, 0.999980110296605, 0.007936507936507936)
(-1, -1, 0.000635715817810944, 0.999979793335279, 0.007874015748031496)
(-1, 1, 0.000640721453489357, 0.999979473868364, 0.0078125)
(1, -1, 0.000645727089151717, 0.999979151895860, 0.007751937984496124)
(-1, 1, 0.000650732724797897, 0.999978827417769, 0.007692307692307693)
(-1, -1, 0.000655738360427772, 0.999978500434091, 0.007633587786259542)
(1, 1, 0.000660743996041216, 0.999978170944826, 0.007575757575757576)
(1, -1, 0.000665749631638105, 0.999977838949977, 0.007518796992481203)
(1, 1, 0.000670755267218312, 0.999977504449543, 0.007462686567164179)
(1, -1, 0.000675760902781713, 0.999977167443526, 0.007407407407407408)
(1, 1, 0.000680766538328182, 0.999976827931926, 0.007352941176470588)
(1, -1, 0.000685772173857593, 0.999976485914745, 0.0072992700729927005)
(-1, 1, 0.000690777809369821, 0.999976141391982, 0.007246376811594203)
(1, -1, 0.000695783444864740, 0.999975794363639, 0.007194244604316547)
(1, 1, 0.000700789080342226, 0.999975444829717, 0.007142857142857143)
(1, -1, 0.000705794715802152, 0.999975092790217, 0.0070921985815602835)
(-1, 1, 0.000710800351244394, 0.999974738245139, 0.007042253521126761)
(1, -1, 0.000715805986668826, 0.999974381194485, 0.006993006993006993)
(1, 1, 0.000720811622075322, 0.999974021638255, 0.006944444444444444)
(1, -1, 0.000725817257463757, 0.999973659576450, 0.006896551724137931)
(1, 1, 0.000730822892834006, 0.999973295009071, 0.00684931506849315)
(1, -1, 0.000735828528185943, 0.999972927936120, 0.006802721088435374)
(-1, 1, 0.000740834163519443, 0.999972558357596, 0.006756756756756757)
(-1, -1, 0.000745839798834381, 0.999972186273501, 0.006711409395973154)
(-1, 1, 0.000750845434130630, 0.999971811683836, 0.006666666666666667)
(-1, -1, 0.000755851069408066, 0.999971434588602, 0.006622516556291391)
(-1, 1, 0.000760856704666562, 0.999971054987799, 0.006578947368421052)
(-1, -1, 0.000765862339905995, 0.999970672881429, 0.006535947712418301)
(-1, 1, 0.000770867975126238, 0.999970288269493, 0.006493506493506494)
(-1, -1, 0.000775873610327165, 0.999969901151992, 0.0064516129032258064)
(1, 1, 0.000780879245508652, 0.999969511528925, 0.00641025641025641)
(1, -1, 0.000785884880670573, 0.999969119400296, 0.006369426751592357)
(-1, 1, 0.000790890515812803, 0.999968724766104, 0.006329113924050633)
(1, -1, 0.000795896150935215, 0.999968327626350, 0.006289308176100629)
(-1, 1, 0.000800901786037685, 0.999967927981036, 0.00625)
(1, -1, 0.000805907421120088, 0.999967525830162, 0.006211180124223602)
(-1, 1, 0.000810913056182298, 0.999967121173730, 0.006172839506172839)
(-1, -1, 0.000815918691224188, 0.999966714011740, 0.006134969325153374)
(-1, 1, 0.000820924326245635, 0.999966304344194, 0.006097560975609756)
(1, -1, 0.000825929961246513, 0.999965892171092, 0.006060606060606061)
(1, 1, 0.000830935596226696, 0.999965477492436, 0.006024096385542169)
(-1, -1, 0.000835941231186058, 0.999965060308227, 0.005988023952095809)
(-1, 1, 0.000840946866124475, 0.999964640618465, 0.005952380952380952)
(1, -1, 0.000845952501041821, 0.999964218423152, 0.005917159763313609)
(1, 1, 0.000850958135937970, 0.999963793722289, 0.0058823529411764705)
(1, -1, 0.000855963770812797, 0.999963366515877, 0.005847953216374269)
(1, 1, 0.000860969405666177, 0.999962936803916, 0.005813953488372093)
(1, -1, 0.000865975040497984, 0.999962504586409, 0.005780346820809248)
(-1, 1, 0.000870980675308093, 0.999962069863356, 0.005747126436781609)
(1, -1, 0.000875986310096378, 0.999961632634757, 0.005714285714285714)
(1, 1, 0.000880991944862714, 0.999961192900615, 0.005681818181818182)
(-1, -1, 0.000885997579606976, 0.999960750660931, 0.005649717514124294)
(-1, 1, 0.000891003214329037, 0.999960305915705, 0.0056179775280898875)
