468.706524626573
(1, -1, 5.79572966771184e-6, 0.309023608847234, 1.0)
(-1, 1, 0.0000115914593352290, -0.809008818350063, 0.5)
(1, -1, 0.0000173871890023568, -0.809029258118781, 0.3333333333333333)
(1, 1, 0.0000231829186689005, 0.308990536336330, 0.25)
(-1, -1, 0.0000289786483346656, 0.999999999395371, 0.2)
(-1, 1, 0.0000347743779994572, 0.309056680984449, 0.16666666666666666)
(1, -1, 0.0000405701076630807, -0.808988377603045, 0.14285714285714285)
(-1, 1, 0.0000463658373253415, -0.809049696909174, 0.125)
(1, -1, 0.0000521615669860448, 0.308957463451777, 0.1111111111111111)
(1, 1, 0.0000579572966449960, 0.999999997581485, 0.1)
(-1, -1, 0.0000637530263020003, 0.309089752747935, 0.09090909090909091)
(1, 1, 0.0000695487559568632, -0.808967935877753, 0.08333333333333333)
(-1, -1, 0.0000753444856093899, -0.809070134721218, 0.07692307692307693)
(-1, 1, 0.0000811402152593857, 0.308924390193615, 0.07142857142857142)
(-1, -1, 0.0000869359449066560, 0.999999994558342, 0.06666666666666667)
(1, 1, 0.0000927316745510061, 0.309122824137652, 0.0625)
(1, -1, 0.0000985274041922413, -0.808947493174209, 0.058823529411764705)
(-1, 1, 0.000104323133830167, -0.809090571554887, 0.05555555555555555)
(-1, -1, 0.000110118863464588, 0.308891316561884, 0.05263157894736842)
(-1, 1, 0.000115914593095311, 0.999999990325941, 0.05)
(1, -1, 0.000121710322722139, 0.309155895153560, 0.047619047619047616)
(1, 1, 0.000127506052344880, -0.808927049492441, 0.045454545454545456)
(1, -1, 0.000133301781963337, -0.809111007410159, 0.043478260869565216)
(-1, 1, 0.000139097511577317, 0.308858242556624, 0.041666666666666664)
(1, -1, 0.000144893241186624, 0.999999984884283, 0.04)
(1, 1, 0.000150688970791065, 0.309188965795618, 0.038461538461538464)
(1, -1, 0.000156484700390444, -0.808906604832471, 0.037037037037037035)
(1, 1, 0.000162280429984566, -0.809131442287006, 0.03571428571428571)
(-1, -1, 0.000168076159573237, 0.308825168177874, 0.034482758620689655)
(1, 1, 0.000173871889156262, 0.999999978233368, 0.03333333333333333)
(1, -1, 0.000179667618733447, 0.309222036063788, 0.03225806451612903)
(-1, 1, 0.000185463348304597, -0.808886159194325, 0.03125)
(-1, -1, 0.000191259077869517, -0.809151876185406, 0.030303030303030304)
(-1, 1, 0.000197054807428013, 0.308792093425675, 0.029411764705882353)
(-1, -1, 0.000202850536979889, 0.999999970373195, 0.02857142857142857)
(1, 1, 0.000208646266524952, 0.309255105958029, 0.027777777777777776)
(1, -1, 0.000214441996063006, -0.808865712578027, 0.02702702702702703)
(1, 1, 0.000220237725593857, -0.809172309105332, 0.02631578947368421)
(-1, -1, 0.000226033455117310, 0.308759018300068, 0.02564102564102564)
(1, 1, 0.000231829184633170, 0.999999961303765, 0.025)
(1, -1, 0.000237624914141243, 0.309288175478301, 0.024390243902439025)
(-1, 1, 0.000243420643641335, -0.808845264983602, 0.023809523809523808)
(1, -1, 0.000249216373133249, -0.809192741046761, 0.023255813953488372)
(-1, 1, 0.000255012102616792, 0.308725942801091, 0.022727272727272728)
(-1, -1, 0.000260807832091770, 0.999999951025077, 0.022222222222222223)
(-1, 1, 0.000266603561557986, 0.309321244624563, 0.021739130434782608)
(1, -1, 0.000272399291015248, -0.808824816411076, 0.02127659574468085)
(1, 1, 0.000278195020463359, -0.809213172009668, 0.020833333333333332)
(1, -1, 0.000283990749902126, 0.308692866928785, 0.02040816326530612)
(-1, 1, 0.000289786479331353, 0.999999939537132, 0.02)
(1, -1, 0.000295582208750846, 0.309354313396777, 0.0196078431372549)
(-1, 1, 0.000301377938160410, -0.808804366860472, 0.019230769230769232)
(-1, -1, 0.000307173667559851, -0.809233601994028, 0.018867924528301886)
(-1, 1, 0.000312969396948974, 0.308659790683190, 0.018518518518518517)
(1, -1, 0.000318765126327584, 0.999999926839930, 0.01818181818181818)
(-1, 1, 0.000324560855695487, 0.309387381794901, 0.017857142857142856)
(-1, -1, 0.000330356585052487, -0.808783916331815, 0.017543859649122806)
(1, 1, 0.000336152314398390, -0.809254030999816, 0.017241379310344827)
(1, -1, 0.000341948043733003, 0.308626714064346, 0.01694915254237288)
(-1, 1, 0.000347743773056128, 0.999999912933471, 0.016666666666666666)
(-1, -1, 0.000353539502367573, 0.309420449818897, 0.01639344262295082)
(-1, 1, 0.000359335231667143, -0.808763464825131, 0.016129032258064516)
(1, -1, 0.000365130960954642, -0.809274459027007, 0.015873015873015872)
(1, 1, 0.000370926690229876, 0.308593637072292, 0.015625)
(1, -1, 0.000376722419492651, 0.999999897817754, 0.015384615384615385)
(1, 1, 0.000382518148742771, 0.309453517468724, 0.015151515151515152)
(1, -1, 0.000388313877980043, -0.808743012340443, 0.014925373134328358)
(1, 1, 0.000394109607204270, -0.809294886075578, 0.014705882352941176)
(1, -1, 0.000399905336415260, 0.308560559707070, 0.014492753623188406)
(1, 1, 0.000405701065612816, 0.999999881492781, 0.014285714285714285)
(-1, -1, 0.000411496794796745, 0.309486584744342, 0.014084507042253521)
(-1, 1, 0.000417292523966851, -0.808722558877777, 0.013888888888888888)
(-1, -1, 0.000423088253122940, -0.809315312145503, 0.0136986301369863)
(-1, 1, 0.000428883982264818, 0.308527481968718, 0.013513513513513514)
(1, -1, 0.000434679711392289, 0.999999863958549, 0.013333333333333334)
(-1, 1, 0.000440475440505159, 0.309519651645711, 0.013157894736842105)
(-1, -1, 0.000446271169603233, -0.808702104437157, 0.012987012987012988)
(1, 1, 0.000452066898686317, -0.809335737236757, 0.01282051282051282)
(-1, -1, 0.000457862627754215, 0.308494403857278, 0.012658227848101266)
(-1, 1, 0.000463658356806734, 0.999999845215061, 0.0125)
(1, -1, 0.000469454085843678, 0.309552718172790, 0.012345679012345678)
(-1, 1, 0.000475249814864853, -0.808681649018608, 0.012195121951219513)
(1, -1, 0.000481045543870065, -0.809356161349316, 0.012048192771084338)
(1, 1, 0.000486841272859117, 0.308461325372788, 0.011904761904761904)
(-1, -1, 0.000492637001831817, 0.999999825262316, 0.011764705882352941)
(-1, 1, 0.000498432730787968, 0.309585784325542, 0.011627906976744186)
(-1, -1, 0.000504228459727377, -0.808661192622155, 0.011494252873563218)
(1, 1, 0.000510024188649849, -0.809376584483155, 0.011363636363636364)
(-1, -1, 0.000515819917555188, 0.308428246515289, 0.011235955056179775)
(1, 1, 0.000521615646443201, 0.999999804100313, 0.011111111111111112)
(-1, -1, 0.000527411375313693, 0.309618850103924, 0.01098901098901099)
(1, 1, 0.000533207104166469, -0.808640735247822, 0.010869565217391304)
(1, -1, 0.000539002833001334, -0.809397006638250, 0.010752688172043012)
(-1, 1, 0.000544798561818093, 0.308395167284821, 0.010638297872340425)
(1, -1, 0.000550594290616553, 0.999999781729053, 0.010526315789473684)
(-1, 1, 0.000556390019396518, 0.309651915507897, 0.010416666666666666)
(-1, -1, 0.000562185748157793, -0.808620276895635, 0.010309278350515464)
(-1, 1, 0.000567981476900185, -0.809417427814575, 0.01020408163265306)
(-1, -1, 0.000573777205623497, 0.308362087681423, 0.010101010101010102)
(1, 1, 0.000579572934327537, 0.999999758148537, 0.01)
(1, -1, 0.000585368663012108, 0.309684980537421, 0.009900990099009901)
(-1, 1, 0.000591164391677016, -0.808599817565618, 0.00980392156862745)
(-1, -1, 0.000596960120322066, -0.809437848012106, 0.009708737864077669)
(1, 1, 0.000602755848947065, 0.308329007705137, 0.009615384615384616)
(-1, -1, 0.000608551577551817, 0.999999733358763, 0.009523809523809525)
(1, 1, 0.000614347306136127, 0.309718045192457, 0.009433962264150943)
(-1, -1, 0.000620143034699801, -0.808579357257795, 0.009345794392523364)
(1, 1, 0.000625938763242644, -0.809458267230819, 0.009259259259259259)
(1, -1, 0.000631734491764461, 0.308295927356002, 0.009174311926605505)
(-1, 1, 0.000637530220265058, 0.999999707359732, 0.00909090909090909)
(1, -1, 0.000643325948744240, 0.309751109472964, 0.009009009009009009)
(1, 1, 0.000649121677201813, -0.808558895972192, 0.008928571428571428)
(1, -1, 0.000654917405637581, -0.809478685470688, 0.008849557522123894)
(1, 1, 0.000660713134051351, 0.308262846634057, 0.008771929824561403)
(-1, -1, 0.000666508862442926, 0.999999680151444, 0.008695652173913044)
(-1, 1, 0.000672304590812113, 0.309784173378902, 0.008620689655172414)
(-1, -1, 0.000678100319158718, -0.808538433708833, 0.008547008547008548)
(-1, 1, 0.000683896047482544, -0.809499102731689, 0.00847457627118644)
(1, -1, 0.000689691775783398, 0.308229765539343, 0.008403361344537815)
(1, 1, 0.000695487504061085, 0.999999651733899, 0.008333333333333333)
(1, -1, 0.000701283232315411, 0.309817236910231, 0.008264462809917356)
(1, 1, 0.000707078960546179, -0.808517970467743, 0.00819672131147541)
(1, -1, 0.000712874688753197, -0.809519519013798, 0.008130081300813009)
(1, 1, 0.000718670416936269, 0.308196684071901, 0.008064516129032258)
(-1, -1, 0.000724466145095200, 0.999999622107097, 0.008)
(-1, 1, 0.000730261873229797, 0.309850300066911, 0.007936507936507936)
(1, -1, 0.000736057601339863, -0.808497506248946, 0.007874015748031496)
(-1, 1, 0.000741853329425205, -0.809539934316989, 0.0078125)
(1, -1, 0.000747649057485627, 0.308163602231768, 0.007751937984496124)
(-1, 1, 0.000753444785520936, 0.999999591271038, 0.007692307692307693)
(-1, -1, 0.000759240513530936, 0.309883362848903, 0.007633587786259542)
(-1, 1, 0.000765036241515433, -0.808477041052468, 0.007575757575757576)
(-1, -1, 0.000770831969474232, -0.809560348641238, 0.007518796992481203)
(-1, 1, 0.000776627697407139, 0.308130520018988, 0.007462686567164179)
(-1, -1, 0.000782423425313958, 0.999999559225723, 0.007407407407407408)
(-1, 1, 0.000788219153194495, 0.309916425256166, 0.007352941176470588)
(1, -1, 0.000794014881048555, -0.808456574878334, 0.0072992700729927005)
(-1, 1, 0.000799810608875944, -0.809580761986520, 0.007246376811594203)
(-1, -1, 0.000805606336676467, 0.308097437433597, 0.007194244604316547)
(-1, 1, 0.000811402064449930, 0.999999525971150, 0.007142857142857143)
(1, -1, 0.000817197792196137, 0.309949487288660, 0.0070921985815602835)
(1, 1, 0.000822993519914894, -0.808436107726567, 0.007042253521126761)
(1, -1, 0.000828789247606006, -0.809601174352810, 0.006993006993006993)
(1, 1, 0.000834584975269279, 0.308064354475638, 0.006944444444444444)
(1, -1, 0.000840380702904517, 0.999999491507321, 0.006896551724137931)
(1, 1, 0.000846176430511527, 0.309982548946345, 0.00684931506849315)
(1, -1, 0.000851972158090113, -0.808415639597193, 0.006802721088435374)
(1, 1, 0.000857767885640081, -0.809621585740084, 0.006756756756756757)
(1, -1, 0.000863563613161237, 0.308031271145150, 0.006711409395973154)
(-1, 1, 0.000869359340653385, 0.999999455834235, 0.006666666666666667)
(-1, -1, 0.000875155068116330, 0.310015610229182, 0.006622516556291391)
(1, 1, 0.000880950795549879, -0.808395170490236, 0.006578947368421052)
(1, -1, 0.000886746522953836, -0.809641996148318, 0.006535947712418301)
(1, 1, 0.000892542250328007, 0.307998187442172, 0.006493506493506494)
(-1, -1, 0.000898337977672197, 0.999999418951892, 0.0064516129032258064)
(-1, 1, 0.000904133704986212, 0.310048671137130, 0.00641025641025641)
(1, -1, 0.000909929432269856, -0.808374700405722, 0.006369426751592357)
(1, 1, 0.000915725159522935, -0.809662405577486, 0.006329113924050633)
(-1, -1, 0.000921520886745254, 0.307965103366746, 0.006289308176100629)
(1, 1, 0.000927316613936620, 0.999999380860293, 0.00625)
(1, -1, 0.000933112341096836, 0.310081731670149, 0.006211180124223602)
(-1, 1, 0.000938908068225708, -0.808354229343674, 0.006172839506172839)
(-1, -1, 0.000944703795323042, -0.809682814027564, 0.006134969325153374)
(1, 1, 0.000950499522388643, 0.307932018918910, 0.006097560975609756)
(1, -1, 0.000956295249422317, 0.999999341559437, 0.006060606060606061)
(-1, 1, 0.000962090976423867, 0.310114791828200, 0.006024096385542169)
(-1, -1, 0.000967886703393101, -0.808333757304118, 0.005988023952095809)
(-1, 1, 0.000973682430329823, -0.809703221498526, 0.005952380952380952)
(1, -1, 0.000979478157233839, 0.307898934098706, 0.005917159763313609)
(1, 1, 0.000985273884104953, 0.999999301049324, 0.0058823529411764705)
(-1, -1, 0.000991069610942972, 0.310147851611243, 0.005847953216374269)
(1, 1, 0.000996865337747700, -0.808313284287079, 0.005813953488372093)
(-1, -1, 0.00100266106451894, -0.809723627990350, 0.005780346820809248)
(1, 1, 0.00100845679125651, 0.307865848906172, 0.005747126436781609)
