481.554362010861
(1, -1, 5.49059583585850e-6, 0.998027259318936, 1.0)
(1, 1, 0.0000109811916715515, 0.992116820687335, 0.5)
(-1, -1, 0.0000164717875069134, 0.982292003630659, 0.3333333333333333)
(1, 1, 0.0000219623833417788, 0.968591571781491, 0.25)
(-1, -1, 0.0000274529791759820, 0.951069579938347, 0.2)
(-1, 1, 0.0000329435750093577, 0.929795160793469, 0.16666666666666666)
(1, -1, 0.0000384341708417402, 0.904852252171084, 0.14285714285714285)
(1, 1, 0.0000439247666729641, 0.876339265852280, 0.125)
(1, -1, 0.0000494153625028637, 0.844368699293156, 0.1111111111111111)
(-1, 1, 0.0000549059583312737, 0.809066691768206, 0.1)
(1, -1, 0.0000603965541580284, 0.770572526690167, 0.09090909090909091)
(-1, 1, 0.0000658871499829624, 0.729038082069905, 0.08333333333333333)
(-1, -1, 0.0000713777458059101, 0.684627231284555, 0.07692307692307693)
(1, 1, 0.0000768683416267060, 0.637515196518168, 0.07142857142857142)
(1, -1, 0.0000823589374451846, 0.587887857425845, 0.06666666666666667)
(1, 1, 0.0000878495332611803, 0.535941017749027, 0.0625)
(1, -1, 0.0000933401290745277, 0.481879632775481, 0.058823529411764705)
(1, 1, 0.0000988307248850612, 0.425917000692031, 0.05555555555555555)
(1, -1, 0.000104321320692615, 0.368273921020537, 0.05263157894736842)
(-1, 1, 0.000109811916497024, 0.309177823457499, 0.05)
(-1, -1, 0.000115302512298123, 0.248861870554427, 0.047619047619047616)
(1, 1, 0.000120793108095746, 0.187564037779338, 0.045454545454545456)
(1, -1, 0.000126283703889727, 0.125526174588985, 0.043478260869565216)
(-1, 1, 0.000131774299679901, 0.0629930502163321, 0.041666666666666664)
(1, -1, 0.000137264895466103, 0.000211387938107428, 0.04)
(-1, 1, 0.000142755491248166, -0.0625711083672876, 0.038461538461538464)
(-1, -1, 0.000148246087025926, -0.125106731530812, 0.037037037037037035)
(1, 1, 0.000153736682799217, -0.187148748416804, 0.03571428571428571)
(1, -1, 0.000159227278567873, -0.248452373403973, 0.034482758620689655)
(1, 1, 0.000164717874331729, -0.308775734182500, 0.03333333333333333)
(1, -1, 0.000170208470090619, -0.367880826056732, 0.03225806451612903)
(1, 1, 0.000175699065844378, -0.425534450988274, 0.03125)
(-1, -1, 0.000181189661592841, -0.481509137674499, 0.030303030303030304)
(1, 1, 0.000186680257335841, -0.535584039032335, 0.029411764705882353)
(-1, -1, 0.000192170853073213, -0.587545803546316, 0.02857142857142857)
(1, 1, 0.000197661448804792, -0.637189417043009, 0.027777777777777776)
(1, -1, 0.000203152044530412, -0.684319011570615, 0.02702702702702703)
(1, 1, 0.000208642640249908, -0.728748638192319, 0.02631578947368421)
(1, -1, 0.000214133235963114, -0.770303000644359, 0.02564102564102564)
(-1, 1, 0.000219623831669864, -0.808818146964167, 0.025)
(-1, -1, 0.000225114427369994, -0.844142116359777, 0.024390243902439025)
(-1, 1, 0.000230605023063337, -0.876135538768304, 0.023809523809523808)
(-1, -1, 0.000236095618749728, -0.904672184737922, 0.023255813953488372)
(1, 1, 0.000241586214429002, -0.929639463463822, 0.022727272727272728)
(-1, -1, 0.000247076810100993, -0.950938867013128, 0.022222222222222223)
(1, 1, 0.000252567405765535, -0.968486358986111, 0.021739130434782608)
(-1, -1, 0.000258058001422463, -0.982212706080240, 0.02127659574468085)
(-1, 1, 0.000263548597071612, -0.992063751248885, 0.020833333333333332)
(1, -1, 0.000269039192712815, -0.998000627376936, 0.02040816326530612)
(1, 1, 0.000274529788345908, -0.999999910630279, 0.02)
(-1, -1, 0.000280020383970724, -0.998053712874102, 0.0196078431372549)
(-1, 1, 0.000285510979587099, -0.992169712795378, 0.019230769230769232)
(1, -1, 0.000291001575194867, -0.982371125606753, 0.018867924528301886)
(-1, 1, 0.000296492170793862, -0.968696611451355, 0.018518518518518517)
(-1, -1, 0.000301982766383919, -0.951200122869919, 0.01818181818181818)
(1, 1, 0.000307473361964872, -0.929950691932048, 0.017857142857142856)
(-1, -1, 0.000312963957536556, -0.905032157871461, 0.017543859649122806)
(1, 1, 0.000318454553098805, -0.876542836299866, 0.017241379310344827)
(-1, -1, 0.000323945148651453, -0.844595131304544, 0.01694915254237288)
(1, 1, 0.000329435744194336, -0.809315091960117, 0.016666666666666666)
(1, -1, 0.000334926339727287, -0.770841915004272, 0.01639344262295082)
(1, 1, 0.000340416935250142, -0.729327395639632, 0.016129032258064516)
(1, -1, 0.000345907530762734, -0.684935328628608, 0.015873015873015872)
(1, 1, 0.000351398126264898, -0.637840862044216, 0.015625)
(1, -1, 0.000356888721756469, -0.588229806226626, 0.015384615384615385)
(-1, 1, 0.000362379317237280, -0.536297900671921, 0.015151515151515152)
(1, -1, 0.000367869912707167, -0.482250041745567, 0.014925373134328358)
(1, 1, 0.000373360508165964, -0.426299474267620, 0.014705882352941176)
(-1, -1, 0.000378851103613506, -0.368666950159267, 0.014492753623188406)
(-1, 1, 0.000384341699049626, -0.309579857470227, 0.014285714285714285)
(-1, -1, 0.000389832294474160, -0.249271323223449, 0.014084507042253521)
(1, 1, 0.000395322889886942, -0.187979293616780, 0.013888888888888888)
(1, -1, 0.000400813485287806, -0.125945595210680, 0.0136986301369863)
(1, 1, 0.000406304080676586, -0.0634149808060343, 0.013513513513513514)
(-1, -1, 0.000411794676053119, -0.000634163776538576, 0.013333333333333334)
(1, 1, 0.000417285271417236, 0.0621491553343179, 0.013157894736842105)
(1, -1, 0.000422775866768774, 0.124687266111131, 0.012987012987012988)
(1, 1, 0.000428266462107567, 0.186733425603408, 0.01282051282051282)
(-1, -1, 0.000433757057433449, 0.248042831845280, 0.012658227848101266)
(-1, 1, 0.000439247652746255, 0.308373589717098, 0.0125)
(1, -1, 0.000444738248045819, 0.367487665338114, 0.012345679012345678)
(-1, 1, 0.000450228843331975, 0.425151825224728, 0.012195121951219513)
(-1, -1, 0.000455719438604559, 0.481138556508843, 0.012048192771084338)
(-1, 1, 0.000461210033863404, 0.535226964585651, 0.011904761904761904)
(-1, -1, 0.000466700629108346, 0.587203644649179, 0.011764705882352941)
(-1, 1, 0.000472191224339217, 0.636863523676971, 0.011627906976744186)
(-1, -1, 0.000477681819555854, 0.684010669541876, 0.011494252873563218)
(1, 1, 0.000483172414758091, 0.728459064058607, 0.011363636363636364)
(1, -1, 0.000488663009945761, 0.770033336915023, 0.011235955056179775)
(-1, 1, 0.000494153605118700, 0.808569457592424, 0.011111111111111112)
(-1, -1, 0.000499644200276742, 0.843915382544909, 0.01098901098901099)
(1, 1, 0.000505134795419721, 0.875931655084350, 0.010869565217391304)
(-1, -1, 0.000510625390547472, 0.904491955604159, 0.010752688172043012)
(-1, 1, 0.000516115985659829, 0.929483599970937, 0.010638297872340425)
(-1, -1, 0.000521606580756627, 0.950807984117628, 0.010526315789473684)
(-1, 1, 0.000527097175837701, 0.968380973084020, 0.010416666666666666)
(-1, -1, 0.000532587770902884, 0.982133232969671, 0.010309278350515464)
(1, 1, 0.000538078365952011, 0.992010504489515, 0.01020408163265306)
(1, -1, 0.000543568960984918, 0.997973817052860, 0.010101010101010102)
(1, 1, 0.000549059556001437, 0.999999642521133, 0.01)
(-1, -1, 0.000554550151001405, 0.998079988037705, 0.009900990099009901)
(-1, 1, 0.000560040745984654, 0.992222427563561, 0.00980392156862745)
(-1, -1, 0.000565531340951020, 0.982450071994381, 0.009708737864077669)
(-1, 1, 0.000571021935900337, 0.968801477976927, 0.009615384615384616)
(1, -1, 0.000576512530832440, 0.951330495784514, 0.009523809523809525)
(1, 1, 0.000582003125747163, 0.930106056851759, 0.009433962264150943)
(1, -1, 0.000587493720644340, 0.905211901806894, 0.009345794392523364)
(-1, 1, 0.000592984315523807, 0.876746250074675, 0.009259259259259259)
(1, -1, 0.000598474910385397, 0.844821412353470, 0.009174311926605505)
(-1, 1, 0.000603965505228945, 0.809563347495500, 0.00909090909090909)
(-1, -1, 0.000609456100054285, 0.771111165538524, 0.009009009009009009)
(1, 1, 0.000614946694861252, 0.729616578849788, 0.008928571428571428)
(-1, -1, 0.000620437289649681, 0.685243303547701, 0.008849557522123894)
(-1, 1, 0.000625927884419406, 0.638166413562945, 0.008771929824561403)
(-1, -1, 0.000631418479170261, 0.588571649887540, 0.008695652173913044)
(1, 1, 0.000636909073902081, 0.536654687737227, 0.008620689655172414)
(-1, -1, 0.000642399668614700, 0.482620364518549, 0.008547008547008548)
(-1, 1, 0.000647890263307953, 0.426681871646680, 0.00847457627118644)
(1, -1, 0.000653380857981674, 0.369059913402671, 0.008403361344537815)
(1, 1, 0.000658871452635699, 0.309981836148824, 0.008333333333333333)
(1, -1, 0.000664362047269860, 0.249680731337854, 0.008264462809917356)
(1, 1, 0.000669852641883993, 0.188394515854908, 0.00819672131147541)
(1, -1, 0.000675343236477932, 0.126364993320930, 0.008130081300813009)
(1, 1, 0.000680833831051512, 0.0638369000609779, 0.008064516129032258)
(-1, -1, 0.000686324425604567, 0.00105693950161965, 0.008)
(1, 1, 0.000691815020136932, -0.0617271911928429, 0.007936507936507936)
(1, -1, 0.000697305614648441, -0.124267778404918, 0.007874015748031496)
(1, 1, 0.000702796209138928, -0.186318069413383, 0.0078125)
(1, -1, 0.000708286803608228, -0.247633245951551, 0.007751937984496124)
(1, 1, 0.000713777398056176, -0.307971390133173, 0.007692307692307693)
(1, -1, 0.000719267992482606, -0.367094438934956, 0.007633587786259542)
(-1, 1, 0.000724758586887353, -0.424769123469782, 0.007575757575757576)
(1, -1, 0.000730249181270250, -0.480767889344750, 0.007518796992481203)
(1, 1, 0.000735739775631133, -0.534869794472799, 0.007462686567164179)
(1, -1, 0.000741230369969836, -0.586861380795590, 0.007407407407407408)
(1, 1, 0.000746720964286193, -0.636537516478301, 0.007352941176470588)
(1, -1, 0.000752211558580039, -0.683702205253452, 0.0072992700729927005)
(-1, 1, 0.000757702152851208, -0.728169359720530, 0.007246376811594203)
(-1, -1, 0.000763192747099536, -0.769763535550358, 0.007194244604316547)
(-1, 1, 0.000768683341324855, -0.808320623697428, 0.007142857142857143)
(1, -1, 0.000774173935527001, -0.843688497889076, 0.0070921985815602835)
(-1, 1, 0.000779664529705809, -0.875727614836862, 0.007042253521126761)
(-1, -1, 0.000785155123861112, -0.904311564802009, 0.006993006993006993)
(1, 1, 0.000790645717992746, -0.929327570342673, 0.006944444444444444)
(-1, -1, 0.000796136312100544, -0.950676931275239, 0.006896551724137931)
(1, 1, 0.000801626906184341, -0.968275414094055, 0.00684931506849315)
(-1, -1, 0.000807117500243972, -0.982053584313157, 0.006802721088435374)
(1, 1, 0.000812608094279271, -0.991957080418741, 0.006756756756756757)
(1, -1, 0.000818098688290073, -0.997946828351502, 0.006711409395973154)
(-1, 1, 0.000823589282276212, -0.999999195672609, 0.006666666666666667)
(1, -1, 0.000829079876237522, -0.998106084805047, 0.006622516556291391)
(1, 1, 0.000834570470173838, -0.992274964982462, 0.006578947368421052)
(1, -1, 0.000840061064084995, -0.982528842779432, 0.006535947712418301)
(1, 1, 0.000845551657970827, -0.968906171339464, 0.006493506493506494)
(-1, -1, 0.000851042251831168, -0.951460698658826, 0.0064516129032258064)
(1, 1, 0.000856532845665853, -0.930261255524833, 0.00641025641025641)
(-1, -1, 0.000862023439474717, -0.905391483945258, 0.006369426751592357)
(-1, 1, 0.000867514033257593, -0.876949507140348, 0.006329113924050633)
(-1, -1, 0.000873004627014317, -0.845047542399489, 0.006289308176100629)
(-1, 1, 0.000878495220744723, -0.809811458329982, 0.00625)
(1, -1, 0.000883985814448645, -0.771380278244797, 0.006211180124223602)
(1, 1, 0.000889476408125918, -0.729905631648684, 0.006172839506172839)
(1, -1, 0.000894967001776375, -0.685551155986790, 0.006134969325153374)
(-1, 1, 0.000900457595399853, -0.638491851016165, 0.006097560975609756)
(1, -1, 0.000905948188996186, -0.588913388347486, 0.006060606060606061)
(-1, 1, 0.000911438782565206, -0.537011378881174, 0.006024096385542169)
(-1, -1, 0.000916929376106750, -0.482990601028237, 0.005988023952095809)
(-1, 1, 0.000922419969620652, -0.427064192760860, 0.005952380952380952)
(1, -1, 0.000927910563106745, -0.369452810680513, 0.005917159763313609)
(-1, 1, 0.000933401156564866, -0.310383759421441, 0.0058823529411764705)
(1, -1, 0.000938891749994847, -0.250090094824465, 0.005847953216374269)
(-1, 1, 0.000944382343396524, -0.188809704419506, 0.005813953488372093)
(-1, -1, 0.000949872936769731, -0.126784368844771, 0.005780346820809248)
(-1, 1, 0.000955363530114303, -0.0642588079057497, 0.005747126436781609)
(1, -1, 0.000960854123430073, -0.00147971503778416, 0.005714285714285714)
