482.946070087107
(1, -1, 5.45899687669823e-6, -0.999999999985100, 1.0)
(1, 1, 0.0000109179937532338, 0.999999999940399, 0.5)
(-1, -1, 0.0000163769906294440, -0.999999999865897, 0.3333333333333333)
(1, 1, 0.0000218359875051661, 0.999999999761595, 0.25)
(1, -1, 0.0000272949843802375, -0.999999999627492, 0.2)
(-1, 1, 0.0000327539812544955, 0.999999999463588, 0.16666666666666666)
(-1, -1, 0.0000382129781277775, -0.999999999269884, 0.14285714285714285)
(1, 1, 0.0000436719749999206, 0.999999999046379, 0.125)
(1, -1, 0.0000491309718707623, -0.999999998793074, 0.1111111111111111)
(1, 1, 0.0000545899687401399, 0.999999998509968, 0.1)
(-1, -1, 0.0000600489656078906, -0.999999998197061, 0.09090909090909091)
(-1, 1, 0.0000655079624738519, 0.999999997854353, 0.08333333333333333)
(-1, -1, 0.0000709669593378609, -0.999999997481845, 0.07692307692307693)
(-1, 1, 0.0000764259561997551, 0.999999997079537, 0.07142857142857142)
(-1, -1, 0.0000818849530593718, -0.999999996647427, 0.06666666666666667)
(1, 1, 0.0000873439499165482, 0.999999996185517, 0.0625)
(-1, -1, 0.0000928029467711217, -0.999999995693806, 0.058823529411764705)
(1, 1, 0.0000982619436229297, 0.999999995172295, 0.05555555555555555)
(1, -1, 0.000103720940471809, -0.999999994620983, 0.05263157894736842)
(1, 1, 0.000109179937317598, 0.999999994039871, 0.05)
(1, -1, 0.000114638934160133, -0.999999993428957, 0.047619047619047616)
(-1, 1, 0.000120097930999252, 0.999999992788243, 0.045454545454545456)
(1, -1, 0.000125556927834792, -0.999999992117729, 0.043478260869565216)
(-1, 1, 0.000131015924666590, 0.999999991417414, 0.041666666666666664)
(1, -1, 0.000136474921494484, -0.999999990687298, 0.04)
(-1, 1, 0.000141933918318310, 0.999999989927381, 0.038461538461538464)
(-1, -1, 0.000147392915137907, -0.999999989137664, 0.037037037037037035)
(-1, 1, 0.000152851911953112, 0.999999988318146, 0.03571428571428571)
(1, -1, 0.000158310908763761, -0.999999987468828, 0.034482758620689655)
(-1, 1, 0.000163769905569693, 0.999999986589709, 0.03333333333333333)
(1, -1, 0.000169228902370744, -0.999999985680789, 0.03225806451612903)
(1, 1, 0.000174687899166752, 0.999999984742069, 0.03125)
(1, -1, 0.000180146895957555, -0.999999983773548, 0.030303030303030304)
(-1, 1, 0.000185605892742989, 0.999999982775226, 0.029411764705882353)
(-1, -1, 0.000191064889522891, -0.999999981747104, 0.02857142857142857)
(1, 1, 0.000196523886297100, 0.999999980689181, 0.027777777777777776)
(1, -1, 0.000201982883065452, -0.999999979601457, 0.02702702702702703)
(1, 1, 0.000207441879827785, 0.999999978483933, 0.02631578947368421)
(1, -1, 0.000212900876583937, -0.999999977336608, 0.02564102564102564)
(1, 1, 0.000218359873333743, 0.999999976159483, 0.025)
(-1, -1, 0.000223818870077042, -0.999999974952556, 0.024390243902439025)
(1, 1, 0.000229277866813672, 0.999999973715830, 0.023809523809523808)
(-1, -1, 0.000234736863543468, -0.999999972449302, 0.023255813953488372)
(-1, 1, 0.000240195860266270, 0.999999971152974, 0.022727272727272728)
(1, -1, 0.000245654856981913, -0.999999969826845, 0.022222222222222223)
(1, 1, 0.000251113853690236, 0.999999968470916, 0.021739130434782608)
(1, -1, 0.000256572850391075, -0.999999967085186, 0.02127659574468085)
(-1, 1, 0.000262031847084269, 0.999999965669655, 0.020833333333333332)
(1, -1, 0.000267490843769653, -0.999999964224324, 0.02040816326530612)
(1, 1, 0.000272949840447067, 0.999999962749192, 0.02)
(1, -1, 0.000278408837116346, -0.999999961244259, 0.0196078431372549)
(-1, 1, 0.000283867833777328, 0.999999959709526, 0.019230769230769232)
(1, -1, 0.000289326830429851, -0.999999958144992, 0.018867924528301886)
(-1, 1, 0.000294785827073752, 0.999999956550657, 0.018518518518518517)
(-1, -1, 0.000300244823708868, -0.999999954926522, 0.01818181818181818)
(-1, 1, 0.000305703820335036, 0.999999953272586, 0.017857142857142856)
(-1, -1, 0.000311162816952095, -0.999999951588849, 0.017543859649122806)
(1, 1, 0.000316621813559880, 0.999999949875312, 0.017241379310344827)
(1, -1, 0.000322080810158230, -0.999999948131975, 0.01694915254237288)
(-1, 1, 0.000327539806746982, 0.999999946358836, 0.016666666666666666)
(1, -1, 0.000332998803325973, -0.999999944555897, 0.01639344262295082)
(1, 1, 0.000338457799895040, 0.999999942723157, 0.016129032258064516)
(-1, -1, 0.000343916796454021, -0.999999940860617, 0.015873015873015872)
(1, 1, 0.000349375793002753, 0.999999938968276, 0.015625)
(-1, -1, 0.000354834789541073, -0.999999937046134, 0.015384615384615385)
(1, 1, 0.000360293786068820, 0.999999935094192, 0.015151515151515152)
(1, -1, 0.000365752782585829, -0.999999933112449, 0.014925373134328358)
(-1, 1, 0.000371211779091938, 0.999999931100905, 0.014705882352941176)
(-1, -1, 0.000376670775586985, -0.999999929059561, 0.014492753623188406)
(-1, 1, 0.000382129772070807, 0.999999926988416, 0.014285714285714285)
(-1, -1, 0.000387588768543242, -0.999999924887470, 0.014084507042253521)
(1, 1, 0.000393047765004126, 0.999999922756724, 0.013888888888888888)
(-1, -1, 0.000398506761453297, -0.999999920596177, 0.0136986301369863)
(1, 1, 0.000403965757890592, 0.999999918405830, 0.013513513513513514)
(-1, -1, 0.000409424754315848, -0.999999916185682, 0.013333333333333334)
(1, 1, 0.000414883750728904, 0.999999913935733, 0.013157894736842105)
(1, -1, 0.000420342747129596, -0.999999911655984, 0.012987012987012988)
(1, 1, 0.000425801743517761, 0.999999909346433, 0.01282051282051282)
(-1, -1, 0.000431260739893237, -0.999999907007083, 0.012658227848101266)
(1, 1, 0.000436719736255861, 0.999999904637931, 0.0125)
(1, -1, 0.000442178732605471, -0.999999902238979, 0.012345679012345678)
(-1, 1, 0.000447637728941904, 0.999999899810227, 0.012195121951219513)
(-1, -1, 0.000453096725264996, -0.999999897351673, 0.012048192771084338)
(1, 1, 0.000458555721574586, 0.999999894863320, 0.011904761904761904)
(-1, -1, 0.000464014717870511, -0.999999892345165, 0.011764705882352941)
(-1, 1, 0.000469473714152608, 0.999999889797210, 0.011627906976744186)
(-1, -1, 0.000474932710420714, -0.999999887219454, 0.011494252873563218)
(-1, 1, 0.000480391706674667, 0.999999884611897, 0.011363636363636364)
(-1, -1, 0.000485850702914304, -0.999999881974540, 0.011235955056179775)
(1, 1, 0.000491309699139462, 0.999999879307382, 0.011111111111111112)
(1, -1, 0.000496768695349979, -0.999999876610424, 0.01098901098901099)
(1, 1, 0.000502227691545692, 0.999999873883665, 0.010869565217391304)
(-1, -1, 0.000507686687726438, -0.999999871127105, 0.010752688172043012)
(1, 1, 0.000513145683892055, 0.999999868340745, 0.010638297872340425)
(1, -1, 0.000518604680042380, -0.999999865524584, 0.010526315789473684)
(-1, 1, 0.000524063676177250, 0.999999862678622, 0.010416666666666666)
(1, -1, 0.000529522672296502, -0.999999859802860, 0.010309278350515464)
(1, 1, 0.000534981668399975, 0.999999856897297, 0.01020408163265306)
(-1, -1, 0.000540440664487505, -0.999999853961933, 0.010101010101010102)
(1, 1, 0.000545899660558929, 0.999999850996769, 0.01)
(1, -1, 0.000551358656614085, -0.999999848001804, 0.009900990099009901)
(1, 1, 0.000556817652652810, 0.999999844977039, 0.00980392156862745)
(1, -1, 0.000562276648674941, -0.999999841922473, 0.009708737864077669)
(-1, 1, 0.000567735644680317, 0.999999838838106, 0.009615384615384616)
(1, -1, 0.000573194640668773, -0.999999835723938, 0.009523809523809525)
(1, 1, 0.000578653636640148, 0.999999832579970, 0.009433962264150943)
(-1, -1, 0.000584112632594279, -0.999999829406202, 0.009345794392523364)
(-1, 1, 0.000589571628531003, 0.999999826202632, 0.009259259259259259)
(1, -1, 0.000595030624450157, -0.999999822969262, 0.009174311926605505)
(-1, 1, 0.000600489620351579, 0.999999819706092, 0.00909090909090909)
(-1, -1, 0.000605948616235106, -0.999999816413120, 0.009009009009009009)
(-1, 1, 0.000611407612100575, 0.999999813090348, 0.008928571428571428)
(-1, -1, 0.000616866607947824, -0.999999809737776, 0.008849557522123894)
(-1, 1, 0.000622325603776689, 0.999999806355403, 0.008771929824561403)
(1, -1, 0.000627784599587010, -0.999999802943229, 0.008695652173913044)
(1, 1, 0.000633243595378621, 0.999999799501254, 0.008620689655172414)
(-1, -1, 0.000638702591151362, -0.999999796029479, 0.008547008547008548)
(1, 1, 0.000644161586905069, 0.999999792527903, 0.00847457627118644)
(1, -1, 0.000649620582639579, -0.999999788996527, 0.008403361344537815)
(-1, 1, 0.000655079578354731, 0.999999785435350, 0.008333333333333333)
(1, -1, 0.000660538574050360, -0.999999781844372, 0.008264462809917356)
(1, 1, 0.000665997569726306, 0.999999778223594, 0.00819672131147541)
(1, -1, 0.000671456565382403, -0.999999774573015, 0.008130081300813009)
(1, 1, 0.000676915561018491, 0.999999770892635, 0.008064516129032258)
(1, -1, 0.000682374556634407, -0.999999767182455, 0.008)
(-1, 1, 0.000687833552229987, 0.999999763442474, 0.007936507936507936)
(1, -1, 0.000693292547805070, -0.999999759672693, 0.007874015748031496)
(1, 1, 0.000698751543359492, 0.999999755873111, 0.0078125)
(1, -1, 0.000704210538893091, -0.999999752043728, 0.007751937984496124)
(-1, 1, 0.000709669534405703, 0.999999748184544, 0.007692307692307693)
(-1, -1, 0.000715128529897167, -0.999999744295560, 0.007633587786259542)
(1, 1, 0.000720587525367320, 0.999999740376775, 0.007575757575757576)
(-1, -1, 0.000726046520815999, -0.999999736428190, 0.007518796992481203)
(1, 1, 0.000731505516243041, 0.999999732449804, 0.007462686567164179)
(-1, -1, 0.000736964511648284, -0.999999728441617, 0.007407407407407408)
(-1, 1, 0.000742423507031565, 0.999999724403630, 0.007352941176470588)
(-1, -1, 0.000747882502392721, -0.999999720335842, 0.0072992700729927005)
(-1, 1, 0.000753341497731590, 0.999999716238254, 0.007246376811594203)
(1, -1, 0.000758800493048009, -0.999999712110864, 0.007194244604316547)
(-1, 1, 0.000764259488341815, 0.999999707953675, 0.007142857142857143)
(-1, -1, 0.000769718483612845, -0.999999703766684, 0.0070921985815602835)
(-1, 1, 0.000775177478860938, 0.999999699549893, 0.007042253521126761)
(1, -1, 0.000780636474085930, -0.999999695303301, 0.006993006993006993)
(1, 1, 0.000786095469287658, 0.999999691026909, 0.006944444444444444)
(1, -1, 0.000791554464465960, -0.999999686720716, 0.006896551724137931)
(-1, 1, 0.000797013459620673, 0.999999682384722, 0.00684931506849315)
(-1, -1, 0.000802472454751634, -0.999999678018928, 0.006802721088435374)
(1, 1, 0.000807931449858682, 0.999999673623333, 0.006756756756756757)
(-1, -1, 0.000813390444941652, -0.999999669197937, 0.006711409395973154)
(-1, 1, 0.000818849440000384, 0.999999664742741, 0.006666666666666667)
(-1, -1, 0.000824308435034712, -0.999999660257744, 0.006622516556291391)
(1, 1, 0.000829767430044476, 0.999999655742947, 0.006578947368421052)
(-1, -1, 0.000835226425029512, -0.999999651198349, 0.006535947712418301)
(1, 1, 0.000840685419989658, 0.999999646623950, 0.006493506493506494)
(1, -1, 0.000846144414924751, -0.999999642019750, 0.0064516129032258064)
(1, 1, 0.000851603409834629, 0.999999637385750, 0.00641025641025641)
(-1, -1, 0.000857062404719128, -0.999999632721950, 0.006369426751592357)
(-1, 1, 0.000862521399578086, 0.999999628028348, 0.006329113924050633)
(-1, -1, 0.000867980394411340, -0.999999623304947, 0.006289308176100629)
(1, 1, 0.000873439389218728, 0.999999618551744, 0.00625)
(-1, -1, 0.000878898384000087, -0.999999613768741, 0.006211180124223602)
(1, 1, 0.000884357378755254, 0.999999608955937, 0.006172839506172839)
(-1, -1, 0.000889816373484067, -0.999999604113332, 0.006134969325153374)
(-1, 1, 0.000895275368186362, 0.999999599240927, 0.006097560975609756)
(1, -1, 0.000900734362861978, -0.999999594338722, 0.006060606060606061)
(-1, 1, 0.000906193357510751, 0.999999589406715, 0.006024096385542169)
(1, -1, 0.000911652352132520, -0.999999584444908, 0.005988023952095809)
(1, 1, 0.000917111346727120, 0.999999579453300, 0.005952380952380952)
(1, -1, 0.000922570341294390, -0.999999574431892, 0.005917159763313609)
(-1, 1, 0.000928029335834166, 0.999999569380683, 0.0058823529411764705)
(1, -1, 0.000933488330346287, -0.999999564299674, 0.005847953216374269)
(-1, 1, 0.000938947324830589, 0.999999559188863, 0.005813953488372093)
(-1, -1, 0.000944406319286911, -0.999999554048253, 0.005780346820809248)
(-1, 1, 0.000949865313715088, 0.999999548877841, 0.005747126436781609)
(-1, -1, 0.000955324308114958, -0.999999543677629, 0.005714285714285714)
