541.690857243642
(1, -1, 4.33917441900414e-6, 0.309020295813171, 1.0)
(1, 1, 8.67834883792659e-6, -0.809012913551081, 0.5)
(1, -1, 0.0000130175232566856, -0.809023115537631, 0.3333333333333333)
(1, 1, 0.0000173566976751996, 0.309003788584817, 0.25)
(-1, -1, 0.0000216958720933867, 0.999999999849372, 0.2)
(1, 1, 0.0000260350465111654, 0.309036802948431, 0.16666666666666666)
(-1, -1, 0.0000303742209284538, -0.809002711320811, 0.14285714285714285)
(1, 1, 0.0000347133953451704, -0.809033317280459, 0.125)
(1, -1, 0.0000390525697612333, 0.308987281263375, 0.1111111111111111)
(-1, 1, 0.0000433917441765610, 0.999999999397490, 0.1)
(-1, -1, 0.0000477309185910716, 0.309053309990591, 0.09090909090909091)
(1, 1, 0.0000520700930046836, -0.808992508846826, 0.08333333333333333)
(-1, -1, 0.0000564092674173151, -0.809043518779562, 0.07692307692307693)
(-1, 1, 0.0000607484418288846, 0.308970773848848, 0.07142857142857142)
(-1, -1, 0.0000650876162393103, 0.999999998644353, 0.06666666666666667)
(1, 1, 0.0000694267906485104, 0.309069816939648, 0.0625)
(-1, -1, 0.0000737659650564034, -0.808982306129127, 0.058823529411764705)
(1, 1, 0.0000781051394629075, -0.809053720034936, 0.05555555555555555)
(1, -1, 0.0000824443138679409, 0.308954266341243, 0.05263157894736842)
(-1, 1, 0.0000867834882714221, 0.999999997589960, 0.05)
(-1, -1, 0.0000911226626732693, 0.309086323795597, 0.047619047619047616)
(-1, 1, 0.0000954618370734008, -0.808972103167719, 0.045454545454545456)
(-1, -1, 0.0000998010114717348, -0.809063921046580, 0.043478260869565216)
(1, 1, 0.000104140185868190, 0.308937758740563, 0.041666666666666664)
(1, -1, 0.000108479360262684, 0.999999996234313, 0.04)
(-1, 1, 0.000112818534655136, 0.309102830558431, 0.038461538461538464)
(1, -1, 0.000117157709045463, -0.808961899962603, 0.037037037037037035)
(-1, 1, 0.000121496883433585, -0.809074121814488, 0.03571428571428571)
(1, -1, 0.000125836057819419, 0.308921251046815, 0.034482758620689655)
(-1, 1, 0.000130175232202884, 0.999999994577411, 0.03333333333333333)
(-1, -1, 0.000134514406583897, 0.309119337228147, 0.03225806451612903)
(1, 1, 0.000138853580962378, -0.808951696513784, 0.03125)
(-1, -1, 0.000143192755338245, -0.809084322338659, 0.030303030303030304)
(-1, 1, 0.000147531929711415, 0.308904743260002, 0.029411764705882353)
(1, -1, 0.000151871104081808, 0.999999992619254, 0.02857142857142857)
(1, 1, 0.000156210278449341, 0.309135843804739, 0.027777777777777776)
(1, -1, 0.000160549452813933, -0.808941492821265, 0.02702702702702703)
(1, 1, 0.000164888627175503, -0.809094522619089, 0.02631578947368421)
(-1, -1, 0.000169227801533967, 0.308888235380130, 0.02564102564102564)
(-1, 1, 0.000173566975889245, 0.999999990359841, 0.025)
(-1, -1, 0.000177906150241256, 0.309152350288202, 0.024390243902439025)
(-1, 1, 0.000182245324589916, -0.808931288885047, 0.023809523809523808)
(-1, -1, 0.000186584498935145, -0.809104722655775, 0.023255813953488372)
(-1, 1, 0.000190923673276861, 0.308871727407205, 0.022727272727272728)
(-1, -1, 0.000195262847614983, 0.999999987799174, 0.022222222222222223)
(-1, 1, 0.000199602021949427, 0.309168856678532, 0.021739130434782608)
(1, -1, 0.000203941196280114, -0.808921084705135, 0.02127659574468085)
(1, 1, 0.000208280370606961, -0.809114922448715, 0.020833333333333332)
(1, -1, 0.000212619544929886, 0.308855219341230, 0.02040816326530612)
(1, 1, 0.000216958719248808, 0.999999984937252, 0.02)
(-1, -1, 0.000221297893563644, 0.309185362975723, 0.0196078431372549)
(-1, 1, 0.000225637067874315, -0.808910880281532, 0.019230769230769232)
(-1, -1, 0.000229976242180736, -0.809125121997905, 0.018867924528301886)
(1, 1, 0.000234315416482828, 0.308838711182211, 0.018518518518518517)
(1, -1, 0.000238654590780508, 0.999999981774075, 0.01818181818181818)
(-1, 1, 0.000242993765073694, 0.309201869179770, 0.017857142857142856)
(1, -1, 0.000247332939362305, -0.808900675614240, 0.017543859649122806)
(1, 1, 0.000251672113646260, -0.809135321303342, 0.017241379310344827)
(1, -1, 0.000256011287925475, 0.308822202930152, 0.01694915254237288)
(-1, 1, 0.000260350462199871, 0.999999978309643, 0.016666666666666666)
(-1, -1, 0.000264689636469364, 0.309218375290669, 0.01639344262295082)
(-1, 1, 0.000269028810733874, -0.808890470703263, 0.016129032258064516)
(-1, -1, 0.000273367984993318, -0.809145520365023, 0.015873015873015872)
(1, 1, 0.000277707159247615, 0.308805694585060, 0.015625)
(1, -1, 0.000282046333496684, 0.999999974543957, 0.015384615384615385)
(-1, 1, 0.000286385507740442, 0.309234881308414, 0.015151515151515152)
(1, -1, 0.000290724681978808, -0.808880265548603, 0.014925373134328358)
(-1, 1, 0.000295063856211699, -0.809155719182944, 0.014705882352941176)
(-1, -1, 0.000299403030439036, 0.308789186146938, 0.014492753623188406)
(1, 1, 0.000303742204660735, 0.999999970477015, 0.014285714285714285)
(-1, -1, 0.000308081378876715, 0.309251387233000, 0.014084507042253521)
(1, 1, 0.000312420553086894, -0.808870060150264, 0.013888888888888888)
(-1, -1, 0.000316759727291191, -0.809165917757104, 0.0136986301369863)
(1, 1, 0.000321098901489524, 0.308772677615792, 0.013513513513513514)
(1, -1, 0.000325438075681811, 0.999999966108818, 0.013333333333333334)
(1, 1, 0.000329777249867970, 0.309267893064423, 0.013157894736842105)
(1, -1, 0.000334116424047921, -0.808859854508250, 0.012987012987012988)
(-1, 1, 0.000338455598221580, -0.809176116087498, 0.01282051282051282)
(-1, -1, 0.000342794772388867, 0.308756168991627, 0.012658227848101266)
(-1, 1, 0.000347133946549699, 0.999999961439366, 0.0125)
(1, -1, 0.000351473120703996, 0.309284398802678, 0.012345679012345678)
(-1, 1, 0.000355812294851675, -0.808849648622562, 0.012195121951219513)
(-1, -1, 0.000360151468992655, -0.809186314174124, 0.012048192771084338)
(-1, 1, 0.000364490643126853, 0.308739660274447, 0.011904761904761904)
(1, -1, 0.000368829817254189, 0.999999956468659, 0.011764705882352941)
(-1, 1, 0.000373168991374580, 0.309300904447759, 0.011627906976744186)
(1, -1, 0.000377508165487945, -0.808839442493204, 0.011494252873563218)
(-1, 1, 0.000381847339594202, -0.809196512016979, 0.011363636363636364)
(1, -1, 0.000386186513693269, 0.308723151464258, 0.011235955056179775)
(-1, 1, 0.000390525687785065, 0.999999951196698, 0.011111111111111112)
(1, -1, 0.000394864861869509, 0.309317409999662, 0.01098901098901099)
(-1, 1, 0.000399204035946517, -0.808829236120179, 0.010869565217391304)
(-1, -1, 0.000403543210016009, -0.809206709616059, 0.010752688172043012)
(1, 1, 0.000407882384077903, 0.308706642561065, 0.010638297872340425)
(-1, -1, 0.000412221558132118, 0.999999945623481, 0.010526315789473684)
(1, 1, 0.000416560732178570, 0.309333915458381, 0.010416666666666666)
(1, -1, 0.000420899906217180, -0.808819029503491, 0.010309278350515464)
(1, 1, 0.000425239080247865, -0.809216906971362, 0.01020408163265306)
(-1, -1, 0.000429578254270543, 0.308690133564872, 0.010101010101010102)
(1, 1, 0.000433917428285133, 0.999999939749010, 0.01)
(-1, -1, 0.000438256602291553, 0.309350420823912, 0.009900990099009901)
(-1, 1, 0.000442595776289721, -0.808808822643142, 0.00980392156862745)
(1, -1, 0.000446934950279555, -0.809227104082884, 0.009708737864077669)
(-1, 1, 0.000451274124260975, 0.308673624475685, 0.009615384615384616)
(1, -1, 0.000455613298233898, 0.999999933573283, 0.009523809523809525)
(-1, 1, 0.000459952472198242, 0.309366926096249, 0.009433962264150943)
(1, -1, 0.000464291646153927, -0.808798615539135, 0.009345794392523364)
(1, 1, 0.000468630820100869, -0.809237300950622, 0.009259259259259259)
(1, -1, 0.000472969994038988, 0.308657115293508, 0.009174311926605505)
(1, 1, 0.000477309167968201, 0.999999927096302, 0.00909090909090909)
(1, -1, 0.000481648341888428, 0.309383431275388, 0.009009009009009009)
(-1, 1, 0.000485987515799586, -0.808788408191473, 0.008928571428571428)
(1, -1, 0.000490326689701593, -0.809247497574574, 0.008849557522123894)
(1, 1, 0.000494665863594368, 0.308640606018347, 0.008771929824561403)
(1, -1, 0.000499005037477830, 0.999999920318066, 0.008695652173913044)
(1, 1, 0.000503344211351896, 0.309399936361325, 0.008620689655172414)
(-1, -1, 0.000507683385216485, -0.808778200600160, 0.008547008547008548)
(1, 1, 0.000512022559071515, -0.809257693954736, 0.00847457627118644)
(1, -1, 0.000516361732916904, 0.308624096650207, 0.008403361344537815)
(-1, 1, 0.000520700906752572, 0.999999913238574, 0.008333333333333333)
(1, -1, 0.000525040080578435, 0.309416441354052, 0.008264462809917356)
(-1, 1, 0.000529379254394412, -0.808767992765199, 0.00819672131147541)
(-1, -1, 0.000533718428200422, -0.809267890091104, 0.008130081300813009)
(-1, 1, 0.000538057601996383, 0.308607587189091, 0.008064516129032258)
(-1, -1, 0.000542396775782214, 0.999999905857828, 0.008)
(-1, 1, 0.000546735949557831, 0.309432946253567, 0.007936507936507936)
(-1, -1, 0.000551075123323155, -0.808757784686592, 0.007874015748031496)
(1, 1, 0.000555414297078103, -0.809278085983677, 0.0078125)
(-1, -1, 0.000559753470822593, 0.308591077635007, 0.007751937984496124)
(1, 1, 0.000564092644556544, 0.999999898175827, 0.007692307692307693)
(-1, -1, 0.000568431818279873, 0.309449451059863, 0.007633587786259542)
(-1, 1, 0.000572770991992501, -0.808747576364343, 0.007575757575757576)
(-1, -1, 0.000577110165694343, -0.809288281632451, 0.007518796992481203)
(1, 1, 0.000581449339385320, 0.308574567987957, 0.007462686567164179)
(-1, -1, 0.000585788513065349, 0.999999890192571, 0.007407407407407408)
(-1, 1, 0.000590127686734348, 0.309465955772936, 0.007352941176470588)
(1, -1, 0.000594466860392236, -0.808737367798455, 0.0072992700729927005)
(-1, 1, 0.000598806034038932, -0.809298477037423, 0.007246376811594203)
(1, -1, 0.000603145207674353, 0.308558058247948, 0.007194244604316547)
(1, 1, 0.000607484381298417, 0.999999881908060, 0.007142857142857143)
(1, -1, 0.000611823554911044, 0.309482460392781, 0.0070921985815602835)
(-1, 1, 0.000616162728512151, -0.808727158988930, 0.007042253521126761)
(1, -1, 0.000620501902101656, -0.809308672198590, 0.006993006993006993)
(1, 1, 0.000624841075679479, 0.308541548414985, 0.006944444444444444)
(-1, -1, 0.000629180249245536, 0.999999873322294, 0.006896551724137931)
(-1, 1, 0.000633519422799747, 0.309498964919393, 0.00684931506849315)
(1, -1, 0.000637858596342030, -0.808716949935773, 0.006802721088435374)
(1, 1, 0.000642197769872303, -0.809318867115948, 0.006756756756756757)
(1, -1, 0.000646536943390485, 0.308525038489071, 0.006711409395973154)
(1, 1, 0.000650876116896493, 0.999999864435274, 0.006666666666666667)
(1, -1, 0.000655215290390246, 0.309515469352766, 0.006622516556291391)
(1, 1, 0.000659554463871663, -0.808706740638985, 0.006578947368421052)
(-1, -1, 0.000663893637340661, -0.809329061789495, 0.006535947712418301)
(1, 1, 0.000668232810797159, 0.308508528470214, 0.006493506493506494)
(1, -1, 0.000672571984241075, 0.999999855246998, 0.0064516129032258064)
(-1, 1, 0.000676911157672328, 0.309531973692897, 0.00641025641025641)
(-1, -1, 0.000681250331090836, -0.808696531098571, 0.006369426751592357)
(-1, 1, 0.000685589504496517, -0.809339256219228, 0.006329113924050633)
(-1, -1, 0.000689928677889289, 0.308492018358416, 0.006289308176100629)
(-1, 1, 0.000694267851269071, 0.999999845757467, 0.00625)
(1, -1, 0.000698607024635781, 0.309548477939780, 0.006211180124223602)
(1, 1, 0.000702946197989337, -0.808686321314532, 0.006172839506172839)
(1, -1, 0.000707285371329658, -0.809349450405143, 0.006134969325153374)
(-1, 1, 0.000711624544656662, 0.308475508153683, 0.006097560975609756)
(1, -1, 0.000715963717970267, 0.999999835966682, 0.006060606060606061)
(-1, 1, 0.000720302891270392, 0.309564982093409, 0.006024096385542169)
(-1, -1, 0.000724642064556954, -0.808676111286873, 0.005988023952095809)
(-1, 1, 0.000728981237829873, -0.809359644347238, 0.005952380952380952)
(1, -1, 0.000733320411089065, 0.308458997856021, 0.005917159763313609)
(1, 1, 0.000737659584334451, 0.999999825874642, 0.0058823529411764705)
(1, -1, 0.000741998757565948, 0.309581486153781, 0.005847953216374269)
(-1, 1, 0.000746337930783474, -0.808665901015597, 0.005813953488372093)
(-1, -1, 0.000750677103986947, -0.809369838045509, 0.005780346820809248)
(1, 1, 0.000755016277176287, 0.308442487465434, 0.005747126436781609)
(-1, -1, 0.000759355450351411, 0.999999815481346, 0.005714285714285714)
(-1, 1, 0.000763694623512237, 0.309597990120890, 0.005681818181818182)
(1, -1, 0.000768033796658684, -0.808655690500706, 0.005649717514124294)
(1, 1, 0.000772372969790671, -0.809380031499953, 0.0056179775280898875)
(1, -1, 0.000776712142908114, 0.308425976981927, 0.00558659217877095)
(-1, 1, 0.000781051316010934, 0.999999804786796, 0.005555555555555556)
(-1, -1, 0.000785390489099047, 0.309614493994730, 0.0055248618784530384)
(1, 1, 0.000789729662172373, -0.808645479742203, 0.005494505494505495)
