549.717026363869
(1, -1, 4.21339078912812e-6, -0.999999999991124, 1.0)
(-1, 1, 8.42678157818144e-6, 0.999999999964495, 0.5)
(1, -1, 0.0000126401723670852, -0.999999999920113, 0.3333333333333333)
(1, 1, 0.0000168535631557645, 0.999999999857979, 0.25)
(1, -1, 0.0000210669539441446, -0.999999999778092, 0.2)
(-1, 1, 0.0000252803447321508, 0.999999999680452, 0.16666666666666666)
(1, -1, 0.0000294937355197081, -0.999999999565060, 0.14285714285714285)
(-1, 1, 0.0000337071263067419, 0.999999999431915, 0.125)
(1, -1, 0.0000379205170931772, -0.999999999281017, 0.1111111111111111)
(-1, 1, 0.0000421339078789394, 0.999999999112367, 0.1)
(-1, -1, 0.0000463472986639536, -0.999999998925964, 0.09090909090909091)
(1, 1, 0.0000505606894481450, 0.999999998721808, 0.08333333333333333)
(-1, -1, 0.0000547740802314388, -0.999999998499900, 0.07692307692307693)
(-1, 1, 0.0000589874710137602, 0.999999998260239, 0.07142857142857142)
(1, -1, 0.0000632008617950344, -0.999999998002826, 0.06666666666666667)
(1, 1, 0.0000674142525751867, 0.999999997727659, 0.0625)
(1, -1, 0.0000716276433541421, -0.999999997434740, 0.058823529411764705)
(-1, 1, 0.0000758410341318260, 0.999999997124069, 0.05555555555555555)
(1, -1, 0.0000800544249081635, -0.999999996795645, 0.05263157894736842)
(1, 1, 0.0000842678156830799, 0.999999996449468, 0.05)
(1, -1, 0.0000884812064565002, -0.999999996085538, 0.047619047619047616)
(1, 1, 0.0000926945972283498, 0.999999995703856, 0.045454545454545456)
(-1, -1, 0.0000969079879985538, -0.999999995304421, 0.043478260869565216)
(-1, 1, 0.000101121378767037, 0.999999994887233, 0.041666666666666664)
(1, -1, 0.000105334769533726, -0.999999994452293, 0.04)
(1, 1, 0.000109548160298544, 0.999999993999600, 0.038461538461538464)
(1, -1, 0.000113761551061418, -0.999999993529155, 0.037037037037037035)
(1, 1, 0.000117974941822272, 0.999999993040957, 0.03571428571428571)
(-1, -1, 0.000122188332581032, -0.999999992535006, 0.034482758620689655)
(-1, 1, 0.000126401723337623, 0.999999992011302, 0.03333333333333333)
(1, -1, 0.000130615114091969, -0.999999991469846, 0.03225806451612903)
(-1, 1, 0.000134828504843997, 0.999999990910637, 0.03125)
(-1, -1, 0.000139041895593631, -0.999999990333676, 0.030303030303030304)
(-1, 1, 0.000143255286340797, 0.999999989738961, 0.029411764705882353)
(1, -1, 0.000147468677085420, -0.999999989126495, 0.02857142857142857)
(1, 1, 0.000151682067827425, 0.999999988496275, 0.027777777777777776)
(1, -1, 0.000155895458566737, -0.999999987848303, 0.02702702702702703)
(-1, 1, 0.000160108849303281, 0.999999987182578, 0.02631578947368421)
(-1, -1, 0.000164322240036984, -0.999999986499101, 0.02564102564102564)
(-1, 1, 0.000168535630767769, 0.999999985797871, 0.025)
(1, -1, 0.000172749021495562, -0.999999985078888, 0.024390243902439025)
(-1, 1, 0.000176962412220288, 0.999999984342152, 0.023809523809523808)
(1, -1, 0.000181175802941872, -0.999999983587664, 0.023255813953488372)
(-1, 1, 0.000185389193660241, 0.999999982815423, 0.022727272727272728)
(1, -1, 0.000189602584375318, -0.999999982025430, 0.022222222222222223)
(1, 1, 0.000193815975087029, 0.999999981217684, 0.021739130434782608)
(-1, -1, 0.000198029365795300, -0.999999980392185, 0.02127659574468085)
(1, 1, 0.000202242756500055, 0.999999979548933, 0.020833333333333332)
(1, -1, 0.000206456147201219, -0.999999978687929, 0.02040816326530612)
(-1, 1, 0.000210669537898719, 0.999999977809173, 0.02)
(1, -1, 0.000214882928592478, -0.999999976912663, 0.0196078431372549)
(-1, 1, 0.000219096319282423, 0.999999975998401, 0.019230769230769232)
(1, -1, 0.000223309709968478, -0.999999975066386, 0.018867924528301886)
(-1, 1, 0.000227523100650569, 0.999999974116619, 0.018518518518518517)
(-1, -1, 0.000231736491328621, -0.999999973149099, 0.01818181818181818)
(-1, 1, 0.000235949882002559, 0.999999972163826, 0.017857142857142856)
(1, -1, 0.000240163272672308, -0.999999971160801, 0.017543859649122806)
(1, 1, 0.000244376663337793, 0.999999970140023, 0.017241379310344827)
(-1, -1, 0.000248590053998941, -0.999999969101492, 0.01694915254237288)
(1, 1, 0.000252803444655675, 0.999999968045209, 0.016666666666666666)
(-1, -1, 0.000257016835307921, -0.999999966971173, 0.01639344262295082)
(-1, 1, 0.000261230225955604, 0.999999965879384, 0.016129032258064516)
(1, -1, 0.000265443616598650, -0.999999964769843, 0.015873015873015872)
(1, 1, 0.000269657007236984, 0.999999963642549, 0.015625)
(-1, -1, 0.000273870397870530, -0.999999962497502, 0.015384615384615385)
(1, 1, 0.000278083788499214, 0.999999961334703, 0.015151515151515152)
(-1, -1, 0.000282297179122962, -0.999999960154150, 0.014925373134328358)
(1, 1, 0.000286510569741698, 0.999999958955846, 0.014705882352941176)
(-1, -1, 0.000290723960355348, -0.999999957739789, 0.014492753623188406)
(-1, 1, 0.000294937350963837, 0.999999956505979, 0.014285714285714285)
(1, -1, 0.000299150741567090, -0.999999955254416, 0.014084507042253521)
(-1, 1, 0.000303364132165032, 0.999999953985101, 0.013888888888888888)
(1, -1, 0.000307577522757589, -0.999999952698033, 0.0136986301369863)
(-1, 1, 0.000311790913344685, 0.999999951393212, 0.013513513513513514)
(1, -1, 0.000316004303926246, -0.999999950070639, 0.013333333333333334)
(1, 1, 0.000320217694502197, 0.999999948730313, 0.013157894736842105)
(-1, -1, 0.000324431085072464, -0.999999947372234, 0.012987012987012988)
(1, 1, 0.000328644475636971, 0.999999945996403, 0.01282051282051282)
(1, -1, 0.000332857866195644, -0.999999944602819, 0.012658227848101266)
(1, 1, 0.000337071256748407, 0.999999943191482, 0.0125)
(1, -1, 0.000341284647295187, -0.999999941762393, 0.012345679012345678)
(-1, 1, 0.000345498037835908, 0.999999940315551, 0.012195121951219513)
(-1, -1, 0.000349711428370495, -0.999999938850957, 0.012048192771084338)
(1, 1, 0.000353924818898875, 0.999999937368609, 0.011904761904761904)
(1, -1, 0.000358138209420971, -0.999999935868509, 0.011764705882352941)
(-1, 1, 0.000362351599936709, 0.999999934350657, 0.011627906976744186)
(-1, -1, 0.000366564990446014, -0.999999932815052, 0.011494252873563218)
(1, 1, 0.000370778380948812, 0.999999931261694, 0.011363636363636364)
(1, -1, 0.000374991771445028, -0.999999929690583, 0.011235955056179775)
(-1, 1, 0.000379205161934586, 0.999999928101720, 0.011111111111111112)
(-1, -1, 0.000383418552417413, -0.999999926495104, 0.01098901098901099)
(-1, 1, 0.000387631942893433, 0.999999924870736, 0.010869565217391304)
(1, -1, 0.000391845333362571, -0.999999923228614, 0.010752688172043012)
(1, 1, 0.000396058723824753, 0.999999921568741, 0.010638297872340425)
(1, -1, 0.000400272114279904, -0.999999919891114, 0.010526315789473684)
(-1, 1, 0.000404485504727949, 0.999999918195735, 0.010416666666666666)
(1, -1, 0.000408698895168814, -0.999999916482603, 0.010309278350515464)
(-1, 1, 0.000412912285602423, 0.999999914751719, 0.01020408163265306)
(-1, -1, 0.000417125676028701, -0.999999913003081, 0.010101010101010102)
(1, 1, 0.000421339066447575, 0.999999911236692, 0.01)
(-1, -1, 0.000425552456858969, -0.999999909452549, 0.009900990099009901)
(-1, 1, 0.000429765847262808, 0.999999907650654, 0.00980392156862745)
(1, -1, 0.000433979237659017, -0.999999905831006, 0.009708737864077669)
(1, 1, 0.000438192628047522, 0.999999903993606, 0.009615384615384616)
(1, -1, 0.000442406018428249, -0.999999902138453, 0.009523809523809525)
(-1, 1, 0.000446619408801121, 0.999999900265547, 0.009433962264150943)
(-1, -1, 0.000450832799166064, -0.999999898374888, 0.009345794392523364)
(1, 1, 0.000455046189523004, 0.999999896466477, 0.009259259259259259)
(1, -1, 0.000459259579871866, -0.999999894540314, 0.009174311926605505)
(1, 1, 0.000463472970212575, 0.999999892596397, 0.00909090909090909)
(1, -1, 0.000467686360545056, -0.999999890634728, 0.009009009009009009)
(1, 1, 0.000471899750869234, 0.999999888655306, 0.008928571428571428)
(-1, -1, 0.000476113141185035, -0.999999886658132, 0.008849557522123894)
(-1, 1, 0.000480326531492383, 0.999999884643205, 0.008771929824561403)
(-1, -1, 0.000484539921791204, -0.999999882610525, 0.008695652173913044)
(-1, 1, 0.000488753312081424, 0.999999880560093, 0.008620689655172414)
(-1, -1, 0.000492966702362966, -0.999999878491908, 0.008547008547008548)
(1, 1, 0.000497180092635758, 0.999999876405970, 0.00847457627118644)
(1, -1, 0.000501393482899723, -0.999999874302280, 0.008403361344537815)
(-1, 1, 0.000505606873154787, 0.999999872180837, 0.008333333333333333)
(1, -1, 0.000509820263400875, -0.999999870041641, 0.008264462809917356)
(1, 1, 0.000514033653637912, 0.999999867884693, 0.00819672131147541)
(1, -1, 0.000518247043865824, -0.999999865709992, 0.008130081300813009)
(1, 1, 0.000522460434084536, 0.999999863517538, 0.008064516129032258)
(1, -1, 0.000526673824293973, -0.999999861307332, 0.008)
(-1, 1, 0.000530887214494059, 0.999999859079373, 0.007936507936507936)
(1, -1, 0.000535100604684722, -0.999999856833661, 0.007874015748031496)
(-1, 1, 0.000539313994865884, 0.999999854570197, 0.0078125)
(1, -1, 0.000543527385037473, -0.999999852288980, 0.007751937984496124)
(1, 1, 0.000547740775199412, 0.999999849990010, 0.007692307692307693)
(1, -1, 0.000551954165351627, -0.999999847673288, 0.007633587786259542)
(-1, 1, 0.000556167555494044, 0.999999845338813, 0.007575757575757576)
(1, -1, 0.000560380945626588, -0.999999842986586, 0.007518796992481203)
(1, 1, 0.000564594335749183, 0.999999840616605, 0.007462686567164179)
(1, -1, 0.000568807725861755, -0.999999838228872, 0.007407407407407408)
(-1, 1, 0.000573021115964229, 0.999999835823387, 0.007352941176470588)
(-1, -1, 0.000577234506056530, -0.999999833400149, 0.0072992700729927005)
(1, 1, 0.000581447896138585, 0.999999830959158, 0.007246376811594203)
(1, -1, 0.000585661286210317, -0.999999828500414, 0.007194244604316547)
(1, 1, 0.000589874676271651, 0.999999826023918, 0.007142857142857143)
(-1, -1, 0.000594088066322514, -0.999999823529669, 0.0070921985815602835)
(-1, 1, 0.000598301456362831, 0.999999821017668, 0.007042253521126761)
(1, -1, 0.000602514846392526, -0.999999818487913, 0.006993006993006993)
(1, 1, 0.000606728236411524, 0.999999815940407, 0.006944444444444444)
(-1, -1, 0.000610941626419752, -0.999999813375147, 0.006896551724137931)
(-1, 1, 0.000615155016417134, 0.999999810792135, 0.00684931506849315)
(1, -1, 0.000619368406403595, -0.999999808191370, 0.006802721088435374)
(1, 1, 0.000623581796379060, 0.999999805572853, 0.006756756756756757)
(1, -1, 0.000627795186343456, -0.999999802936583, 0.006711409395973154)
(-1, 1, 0.000632008576296706, 0.999999800282560, 0.006666666666666667)
(-1, -1, 0.000636221966238737, -0.999999797610784, 0.006622516556291391)
(-1, 1, 0.000640435356169473, 0.999999794921256, 0.006578947368421052)
(1, -1, 0.000644648746088839, -0.999999792213976, 0.006535947712418301)
(1, 1, 0.000648862135996762, 0.999999789488942, 0.006493506493506494)
(1, -1, 0.000653075525893165, -0.999999786746156, 0.0064516129032258064)
(-1, 1, 0.000657288915777974, 0.999999783985617, 0.00641025641025641)
(-1, -1, 0.000661502305651115, -0.999999781207326, 0.006369426751592357)
(-1, 1, 0.000665715695512512, 0.999999778411282, 0.006329113924050633)
(1, -1, 0.000669929085362092, -0.999999775597485, 0.006289308176100629)
(-1, 1, 0.000674142475199778, 0.999999772765936, 0.00625)
(-1, -1, 0.000678355865025496, -0.999999769916634, 0.006211180124223602)
(-1, 1, 0.000682569254839172, 0.999999767049579, 0.006172839506172839)
(-1, -1, 0.000686782644640730, -0.999999764164772, 0.006134969325153374)
(1, 1, 0.000690996034430096, 0.999999761262212, 0.006097560975609756)
(-1, -1, 0.000695209424207195, -0.999999758341899, 0.006060606060606061)
(1, 1, 0.000699422813971952, 0.999999755403834, 0.006024096385542169)
(1, -1, 0.000703636203724293, -0.999999752448016, 0.005988023952095809)
(-1, 1, 0.000707849593464142, 0.999999749474445, 0.005952380952380952)
(1, -1, 0.000712062983191425, -0.999999746483122, 0.005917159763313609)
(-1, 1, 0.000716276372906067, 0.999999743474046, 0.0058823529411764705)
(1, -1, 0.000720489762607993, -0.999999740447217, 0.005847953216374269)
(1, 1, 0.000724703152297128, 0.999999737402636, 0.005813953488372093)
(1, -1, 0.000728916541973398, -0.999999734340302, 0.005780346820809248)
(1, 1, 0.000733129931636728, 0.999999731260216, 0.005747126436781609)
(1, -1, 0.000737343321287043, -0.999999728162376, 0.005714285714285714)
(-1, 1, 0.000741556710924268, 0.999999725046784, 0.005681818181818182)
(-1, -1, 0.000745770100548329, -0.999999721913440, 0.005649717514124294)
(-1, 1, 0.000749983490159150, 0.999999718762343, 0.0056179775280898875)
(-1, -1, 0.000754196879756657, -0.999999715593493, 0.00558659217877095)
(1, 1, 0.000758410269340775, 0.999999712406890, 0.005555555555555556)
(1, -1, 0.000762623658911429, -0.999999709202535, 0.0055248618784530384)
(1, 1, 0.000766837048468544, 0.999999705980427, 0.005494505494505495)
