506.149553552875
(1, -1, 4.96995438119345e-6, 0.809021084127610, 1.0)
(-1, 1, 9.93990876226414e-6, 0.309030229126026, 0.5)
(-1, -1, 0.0000149098631430893, -0.308997142136127, 0.3333333333333333)
(1, 1, 0.0000198798175235462, -0.809000634972632, 0.25)
(-1, -1, 0.0000248497719035120, -0.999999999394839, 0.2)
(1, 1, 0.0000298197262828641, -0.809041532303412, 0.16666666666666666)
(-1, -1, 0.0000347896806614796, -0.309063315741899, 0.14285714285714285)
(-1, 1, 0.0000397596350392358, 0.308964054772243, 0.125)
(1, -1, 0.0000447295894160098, 0.808980184838503, 0.1111111111111111)
(1, 1, 0.0000496995437916791, 0.999999997579356, 0.1)
(-1, -1, 0.0000546694981661207, 0.809061979500013, 0.09090909090909091)
(-1, 1, 0.0000596394525392120, 0.309096401983705, 0.08333333333333333)
(-1, -1, 0.0000646094069108302, -0.308930967034412, 0.07692307692307693)
(1, 1, 0.0000695793612808525, -0.808959733725247, 0.07142857142857142)
(1, -1, 0.0000745493156491561, -0.999999994553551, 0.06666666666666667)
(1, 1, 0.0000795192700156183, -0.809082425717389, 0.0625)
(-1, -1, 0.0000844892243801164, -0.309129487851406, 0.058823529411764705)
(-1, 1, 0.0000894591787425276, 0.308897878922675, 0.05555555555555555)
(1, -1, 0.0000944291331027290, 0.808939281632890, 0.05263157894736842)
(-1, 1, 0.0000993990874605981, 0.999999990317425, 0.05)
(1, -1, 0.000104369041816012, 0.809102870955515, 0.047619047619047616)
(1, 1, 0.000109338996168848, 0.309162573344960, 0.045454545454545456)
(1, -1, 0.000114308950518983, -0.308864790437073, 0.043478260869565216)
(1, 1, 0.000119278904866295, -0.808918828561455, 0.041666666666666664)
(1, -1, 0.000124248859210660, -0.999999984870977, 0.04)
(1, 1, 0.000129218813551956, -0.809123315214366, 0.038461538461538464)
(-1, -1, 0.000134188767890061, -0.309195658464328, 0.037037037037037035)
(-1, 1, 0.000139158722224851, 0.308831701577645, 0.03571428571428571)
(1, -1, 0.000144128676556204, 0.808898374510969, 0.034482758620689655)
(-1, 1, 0.000149098630883997, 0.999999978214206, 0.03333333333333333)
(-1, -1, 0.000154068585208107, 0.809143758493918, 0.03225806451612903)
(-1, 1, 0.000159038539528411, 0.309228743209470, 0.03125)
(1, -1, 0.000164008493844787, -0.308798612344431, 0.030303030303030304)
(1, 1, 0.000168978448157112, -0.808877919481455, 0.029411764705882353)
(1, -1, 0.000173948402465264, -0.999999970347114, 0.02857142857142857)
(1, 1, 0.000178918356769118, -0.809164200794145, 0.027777777777777776)
(1, -1, 0.000183888311068554, -0.309261827580345, 0.02702702702702703)
(-1, 1, 0.000188858265363447, 0.308765522737471, 0.02631578947368421)
(1, -1, 0.000193828219653675, 0.808857463472939, 0.02564102564102564)
(1, 1, 0.000198798173939115, 0.999999961269700, 0.025)
(1, -1, 0.000203768128219646, 0.809184642115022, 0.024390243902439025)
(-1, 1, 0.000208738082495143, 0.309294911576915, 0.023809523809523808)
(1, -1, 0.000213708036765484, -0.308732432756805, 0.023255813953488372)
(-1, 1, 0.000218677991030546, -0.808837006485444, 0.022727272727272728)
(-1, -1, 0.000223647945290207, -0.999999950981964, 0.022222222222222223)
(-1, 1, 0.000228617899544344, -0.809205082456526, 0.021739130434782608)
(1, -1, 0.000233587853792834, -0.309327995199137, 0.02127659574468085)
(-1, 1, 0.000238557808035554, 0.308699342402474, 0.020833333333333332)
(1, -1, 0.000243527762272381, 0.808816548518997, 0.02040816326530612)
(-1, 1, 0.000248497716503194, 0.999999939483907, 0.02)
(1, -1, 0.000253467670727868, 0.809225521818631, 0.0196078431372549)
(-1, 1, 0.000258437624946281, 0.309361078446973, 0.019230769230769232)
(-1, -1, 0.000263407579158311, -0.308666251674518, 0.018867924528301886)
(1, 1, 0.000268377533363835, -0.808796089573621, 0.018518518518518517)
(1, -1, 0.000273347487562730, -0.999999926775527, 0.01818181818181818)
(1, 1, 0.000278317441754873, -0.809245960201313, 0.017857142857142856)
(-1, -1, 0.000283287395940141, -0.309394161320383, 0.017543859649122806)
(-1, 1, 0.000288257350118412, 0.308633160572975, 0.017241379310344827)
(-1, -1, 0.000293227304289563, 0.808775629649342, 0.01694915254237288)
(1, 1, 0.000298197258453471, 0.999999912856826, 0.016666666666666666)
(-1, -1, 0.000303167212610014, 0.809266397604547, 0.01639344262295082)
(1, 1, 0.000308137166759068, 0.309427243819327, 0.016129032258064516)
(-1, -1, 0.000313107120900511, -0.308600069097888, 0.015873015873015872)
(1, 1, 0.000318077075034220, -0.808755168746184, 0.015625)
(1, -1, 0.000323047029160072, -0.999999897727803, 0.015384615384615385)
(-1, 1, 0.000328016983277945, -0.809286834028308, 0.015151515151515152)
(1, -1, 0.000332986937387716, -0.309460325943763, 0.014925373134328358)
(-1, 1, 0.000337956891489262, 0.308566977249295, 0.014705882352941176)
(-1, -1, 0.000342926845582461, 0.808734706864171, 0.014492753623188406)
(-1, 1, 0.000347896799667188, 0.999999881388458, 0.014285714285714285)
(1, -1, 0.000352866753743323, 0.809307269472572, 0.014084507042253521)
(-1, 1, 0.000357836707810742, 0.309493407693653, 0.013888888888888888)
(-1, -1, 0.000362806661869322, -0.308533885027237, 0.0136986301369863)
(-1, 1, 0.000367776615918940, -0.808714244003330, 0.013513513513513514)
(-1, -1, 0.000372746569959474, -0.999999863838791, 0.013333333333333334)
(1, 1, 0.000377716523990801, -0.809327703937313, 0.013157894736842105)
(1, -1, 0.000382686478012799, -0.309526489068957, 0.012987012987012988)
(-1, 1, 0.000387656432025344, 0.308500792431753, 0.01282051282051282)
(1, -1, 0.000392626386028313, 0.808693780163683, 0.012658227848101266)
(-1, 1, 0.000397596340021585, 0.999999845078803, 0.0125)
(1, -1, 0.000402566294005036, 0.809348137422507, 0.012345679012345678)
(-1, 1, 0.000407536247978543, 0.309559570069634, 0.012195121951219513)
(-1, -1, 0.000412506201941984, -0.308467699462884, 0.012048192771084338)
(1, 1, 0.000417476155895236, -0.808673315345257, 0.011904761904761904)
(1, -1, 0.000422446109838175, -0.999999825108493, 0.011764705882352941)
(-1, 1, 0.000427416063770681, -0.809368569928129, 0.011627906976744186)
(-1, -1, 0.000432386017692629, -0.309592650695644, 0.011494252873563218)
(1, 1, 0.000437355971603897, 0.308434606120670, 0.011363636363636364)
(1, -1, 0.000442325925504361, 0.808652849548076, 0.011235955056179775)
(1, 1, 0.000447295879393901, 0.999999803927862, 0.011111111111111112)
(1, -1, 0.000452265833272392, 0.809389001454155, 0.01098901098901099)
(1, 1, 0.000457235787139711, 0.309625730946947, 0.010869565217391304)
(1, -1, 0.000462205740995737, -0.308401512405151, 0.010752688172043012)
(-1, 1, 0.000467175694840346, -0.808632382772165, 0.010638297872340425)
(-1, -1, 0.000472145648673416, -0.999999781536908, 0.010526315789473684)
(1, 1, 0.000477115602494823, -0.809409432000560, 0.010416666666666666)
(1, -1, 0.000482085556304446, -0.309658810823503, 0.010309278350515464)
(-1, 1, 0.000487055510102161, 0.308368418316366, 0.01020408163265306)
(-1, -1, 0.000492025463887845, 0.808611915017549, 0.010101010101010102)
(1, 1, 0.000496995417661376, 0.999999757935634, 0.01)
(-1, -1, 0.000501965371422631, 0.809429861567319, 0.009900990099009901)
(-1, 1, 0.000506935325171487, 0.309691890325273, 0.00980392156862745)
(-1, -1, 0.000511905278907822, -0.308335323854356, 0.009708737864077669)
(1, 1, 0.000516875232631512, -0.808591446284251, 0.009615384615384616)
(-1, -1, 0.000521845186342435, -0.999999733124037, 0.009523809523809525)
(1, 1, 0.000526815140040469, -0.809450290154407, 0.009433962264150943)
(-1, -1, 0.000531785093725490, -0.309724969452216, 0.009345794392523364)
(-1, 1, 0.000536755047397376, 0.308302229019162, 0.009259259259259259)
(1, -1, 0.000541725001056003, 0.808570976572298, 0.009174311926605505)
(-1, 1, 0.000546694954701250, 0.999999707102119, 0.00909090909090909)
(-1, -1, 0.000551664908332993, 0.809470717761799, 0.009009009009009009)
(-1, 1, 0.000556634861951110, 0.309758048204291, 0.008928571428571428)
(-1, -1, 0.000561604815555477, -0.308269133810823, 0.008849557522123894)
(1, 1, 0.000566574769145973, -0.808550505881713, 0.008771929824561403)
(-1, -1, 0.000571544722722474, -0.999999679869880, 0.008695652173913044)
(1, 1, 0.000576514676284858, -0.809491144389472, 0.008620689655172414)
(-1, -1, 0.000581484629833001, -0.309791126581461, 0.008547008547008548)
(1, 1, 0.000586454583366782, 0.308236038229378, 0.00847457627118644)
(1, -1, 0.000591424536886077, 0.808530034212523, 0.008403361344537815)
(-1, 1, 0.000596394490390763, 0.999999651427319, 0.008333333333333333)
(1, -1, 0.000601364443880718, 0.809511570037400, 0.008264462809917356)
(1, 1, 0.000606334397355820, 0.309824204583683, 0.00819672131147541)
(-1, -1, 0.000611304350815944, -0.308202942274869, 0.008130081300813009)
(-1, 1, 0.000616274304260969, -0.808509561564750, 0.008064516129032258)
(-1, -1, 0.000621244257690772, -0.999999621774436, 0.008)
(1, 1, 0.000626214211105230, -0.809531994705558, 0.007936507936507936)
(1, -1, 0.000631184164504220, -0.309857282210918, 0.007874015748031496)
(-1, 1, 0.000636154117887619, 0.308169845947336, 0.0078125)
(-1, -1, 0.000641124071255305, 0.808489087938421, 0.007751937984496124)
(-1, 1, 0.000646094024607155, 0.999999590911232, 0.007692307692307693)
(-1, -1, 0.000651063977943047, 0.809552418393921, 0.007633587786259542)
(1, 1, 0.000656033931262856, 0.309890359463125, 0.007575757575757576)
(-1, -1, 0.000661003884566462, -0.308136749246817, 0.007518796992481203)
(-1, 1, 0.000665973837853740, -0.808468613333560, 0.007462686567164179)
(1, -1, 0.000670943791124569, -0.999999558837707, 0.007407407407407408)
(1, 1, 0.000675913744378824, -0.809572841102466, 0.007352941176470588)
(1, -1, 0.000680883697616385, -0.309923436340266, 0.0072992700729927005)
(1, 1, 0.000685853650837127, 0.308103652173354, 0.007246376811594203)
(-1, -1, 0.000690823604040929, 0.808448137750191, 0.007194244604316547)
(1, 1, 0.000695793557227666, 0.999999525553860, 0.007142857142857143)
(-1, -1, 0.000700763510397218, 0.809593262831167, 0.0070921985815602835)
(-1, 1, 0.000705733463549460, 0.309956512842300, 0.007042253521126761)
(1, -1, 0.000710703416684270, -0.308070554726986, 0.006993006993006993)
(1, 1, 0.000715673369801526, -0.808427661188340, 0.006944444444444444)
(-1, -1, 0.000720643322901104, -0.999999491059692, 0.006896551724137931)
(1, 1, 0.000725613275982882, -0.809613683580000, 0.00684931506849315)
(-1, -1, 0.000730583229046737, -0.309989588969186, 0.006802721088435374)
(1, 1, 0.000735553182092546, 0.308037456907754, 0.006756756756756757)
(-1, -1, 0.000740523135120187, 0.808407183648032, 0.006711409395973154)
(1, 1, 0.000745493088129536, 0.999999455355203, 0.006666666666666667)
(1, -1, 0.000750463041120472, 0.809634103348940, 0.006622516556291391)
(-1, 1, 0.000755432994092871, 0.310022664720886, 0.006578947368421052)
(-1, -1, 0.000760402947046610, -0.308004358715697, 0.006535947712418301)
(-1, 1, 0.000765372899981566, -0.808386705129290, 0.006493506493506494)
(1, -1, 0.000770342852897618, -0.999999418440393, 0.0064516129032258064)
(1, 1, 0.000775312805794642, -0.809654522137961, 0.00641025641025641)
(1, -1, 0.000780282758672516, -0.310055740097358, 0.006369426751592357)
(-1, 1, 0.000785252711531116, 0.307971260150856, 0.006329113924050633)
(1, -1, 0.000790222664370320, 0.808366225632140, 0.006289308176100629)
(1, 1, 0.000795192617190005, 0.999999380315261, 0.00625)
(-1, -1, 0.000800162569990049, 0.809674939947040, 0.006211180124223602)
(-1, 1, 0.000805132522770328, 0.310088815098563, 0.006172839506172839)
(-1, -1, 0.000810102475530720, -0.307938161213270, 0.006134969325153374)
(1, 1, 0.000815072428271102, -0.808345745156607, 0.006097560975609756)
(-1, -1, 0.000820042380991352, -0.999999340979808, 0.006060606060606061)
(1, 1, 0.000825012333691345, -0.809695356776152, 0.006024096385542169)
(1, -1, 0.000829982286370961, -0.310121889724460, 0.005988023952095809)
(-1, 1, 0.000834952239030076, 0.307905061902980, 0.005952380952380952)
(1, -1, 0.000839922191668568, 0.808325263702716, 0.005917159763313609)
(-1, 1, 0.000844892144286312, 0.999999300434034, 0.0058823529411764705)
(1, -1, 0.000849862096883188, 0.809715772625272, 0.005847953216374269)
(1, 1, 0.000854832049459072, 0.310154963975011, 0.005813953488372093)
(1, -1, 0.000859802002013841, -0.307871962220026, 0.005780346820809248)
(1, 1, 0.000864771954547372, -0.808304781270491, 0.005747126436781609)
(-1, -1, 0.000869741907059543, -0.999999258677939, 0.005714285714285714)
(-1, 1, 0.000874711859550231, -0.809736187494375, 0.005681818181818182)
(1, -1, 0.000879681812019314, -0.310188037850174, 0.005649717514124294)
(-1, 1, 0.000884651764466668, 0.307838862164448, 0.0056179775280898875)
