470.172471744272
(1, -1, 5.75964508794117e-6, 0.309025758758614, 1.0)
(1, 1, 0.0000115192901756913, -0.809006160847326, 0.5)
(1, -1, 0.0000172789352630592, -0.809033244151090, 0.3333333333333333)
(1, 1, 0.0000230385803498540, 0.308981936577860, 0.25)
(1, -1, 0.0000287982254358845, 0.999999998938448, 0.2)
(1, 1, 0.0000345578705209597, 0.309069580283274, 0.16666666666666666)
(1, -1, 0.0000403175156048884, -0.808979075825958, 0.14285714285714285)
(1, 1, 0.0000460771606874797, -0.809060325737191, 0.125)
(1, -1, 0.0000518368057685424, 0.308938113741104, 0.1111111111111111)
(1, 1, 0.0000575964508478855, 0.999999995753791, 0.1)
(1, -1, 0.0000633560959253180, 0.309113401151747, 0.09090909090909091)
(1, 1, 0.0000691157410006487, -0.808951989087042, 0.08333333333333333)
(-1, -1, 0.0000748753860736866, -0.809087405605573, 0.07692307692307693)
(1, 1, 0.0000806350311442406, 0.308894290248441, 0.07142857142857142)
(1, -1, 0.0000863946762121197, 0.999999990446029, 0.06666666666666667)
(1, 1, 0.0000921543212771327, 0.309157221363940, 0.0625)
(1, -1, 0.0000979139663390887, -0.808924900630636, 0.058823529411764705)
(1, 1, 0.000103673611397797, -0.809114483756177, 0.05555555555555555)
(1, -1, 0.000109433256453065, 0.308850466099963, 0.05263157894736842)
(1, 1, 0.000115192901504703, 0.999999983015162, 0.05)
(1, -1, 0.000120952546552520, 0.309201040919760, 0.047619047619047616)
(1, 1, 0.000126712191596325, -0.808897810456798, 0.045454545454545456)
(1, -1, 0.000132471836635926, -0.809141560188947, 0.043478260869565216)
(1, 1, 0.000138231481671132, 0.308806641295763, 0.041666666666666664)
(1, -1, 0.000143991126701753, 0.999999973461191, 0.04)
(-1, 1, 0.000149750771727598, 0.309244859819114, 0.038461538461538464)
(1, -1, 0.000155510416748474, -0.808870718565585, 0.037037037037037035)
(1, 1, 0.000161270061764192, -0.809168634903824, 0.03571428571428571)
(-1, -1, 0.000167029706774559, 0.308762815835934, 0.034482758620689655)
(1, 1, 0.000172789351779386, 0.999999961784115, 0.03333333333333333)
(1, -1, 0.000178548996778481, 0.309288678061908, 0.03225806451612903)
(1, 1, 0.000184308641771652, -0.808843624957055, 0.03125)
(1, -1, 0.000190068286758710, -0.809195707900751, 0.030303030303030304)
(1, 1, 0.000195827931739462, 0.308718989720569, 0.029411764705882353)
(1, -1, 0.000201587576713718, 0.999999947983934, 0.02857142857142857)
(1, 1, 0.000207347221681286, 0.309332495648050, 0.027777777777777776)
(-1, -1, 0.000213106866641977, -0.808816529631266, 0.02702702702702703)
(1, 1, 0.000218866511595597, -0.809222779179672, 0.02631578947368421)
(-1, -1, 0.000224626156541957, 0.308675162949761, 0.02564102564102564)
(1, 1, 0.000230385801480866, 0.999999932060649, 0.025)
(-1, -1, 0.000236145446412131, 0.309376312577447, 0.024390243902439025)
(1, 1, 0.000241905091335563, -0.808789432588274, 0.023809523809523808)
(-1, -1, 0.000247664736250970, -0.809249848740527, 0.023255813953488372)
(1, 1, 0.000253424381158162, 0.308631335523604, 0.022727272727272728)
(1, -1, 0.000259184026056946, 0.999999914014259, 0.022222222222222223)
(1, 1, 0.000264943670947132, 0.309420128850006, 0.021739130434782608)
(1, -1, 0.000270703315828529, -0.808762333828137, 0.02127659574468085)
(1, 1, 0.000276462960700946, -0.809276916583260, 0.020833333333333332)
(1, -1, 0.000282222605564191, 0.308587507442191, 0.02040816326530612)
(1, 1, 0.000287982250418075, 0.999999893844765, 0.02)
(1, -1, 0.000293741895262405, 0.309463944465633, 0.0196078431372549)
(-1, 1, 0.000299501540096990, -0.808735233350914, 0.019230769230769232)
(-1, -1, 0.000305261184921640, -0.809303982707814, 0.018867924528301886)
(1, 1, 0.000311020829736163, 0.308543678705613, 0.018518518518518517)
(1, -1, 0.000316780474540369, 0.999999871552166, 0.01818181818181818)
(1, 1, 0.000322540119334066, 0.309507759424236, 0.017857142857142856)
(1, -1, 0.000328299764117063, -0.808708131156660, 0.017543859649122806)
(-1, 1, 0.000334059408889170, -0.809331047114131, 0.017241379310344827)
(1, -1, 0.000339819053650194, 0.308499849313965, 0.01694915254237288)
(1, 1, 0.000345578698399945, 0.999999847136463, 0.016666666666666666)
(1, -1, 0.000351338343138233, 0.309551573725721, 0.01639344262295082)
(1, 1, 0.000357097987864865, -0.808681027245435, 0.016129032258064516)
(1, -1, 0.000362857632579651, -0.809358109802153, 0.015873015873015872)
(1, 1, 0.000368617277282400, 0.308456019267340, 0.015625)
(-1, -1, 0.000374376921972920, 0.999999820597655, 0.015384615384615385)
(1, 1, 0.000380136566651021, 0.309595387369996, 0.015151515151515152)
(-1, -1, 0.000385896211316512, -0.808653921617295, 0.014925373134328358)
(1, 1, 0.000391655855969201, -0.809385170771822, 0.014705882352941176)
(1, -1, 0.000397415500608898, 0.308412188565830, 0.014492753623188406)
(1, 1, 0.000403175145235410, 0.999999791935743, 0.014285714285714285)
(1, -1, 0.000408934789848548, 0.309639200356968, 0.014084507042253521)
(1, 1, 0.000414694434448121, -0.808626814272298, 0.013888888888888888)
(-1, -1, 0.000420454079033936, -0.809412230023083, 0.0136986301369863)
(-1, 1, 0.000426213723605803, 0.308368357209529, 0.013513513513513514)
(1, -1, 0.000431973368163532, 0.999999761150726, 0.013333333333333334)
(1, 1, 0.000437733012706930, 0.309683012686543, 0.013157894736842105)
(1, -1, 0.000443492657235808, -0.808599705210502, 0.012987012987012988)
(-1, 1, 0.000449252301749973, -0.809439287555876, 0.01282051282051282)
(-1, -1, 0.000455011946249234, 0.308324525198529, 0.012658227848101266)
(1, 1, 0.000460771590733402, 0.999999728242606, 0.0125)
(1, -1, 0.000466531235202284, 0.309726824358629, 0.012345679012345678)
(-1, 1, 0.000472290879655689, -0.808572594431963, 0.012195121951219513)
(-1, -1, 0.000478050524093427, -0.809466343370146, 0.012048192771084338)
(1, 1, 0.000483810168515307, 0.308280692532924, 0.011904761904761904)
(1, -1, 0.000489569812921136, 0.999999693211381, 0.011764705882352941)
(-1, 1, 0.000495329457310725, 0.309770635373132, 0.011627906976744186)
(-1, -1, 0.000501089101683882, -0.808545481936741, 0.011494252873563218)
(1, 1, 0.000506848746040416, -0.809493397465833, 0.011363636363636364)
(1, -1, 0.000512608390380137, 0.308236859212807, 0.011235955056179775)
(1, 1, 0.000518368034702852, 0.999999656057052, 0.011111111111111112)
(-1, -1, 0.000524127679008371, 0.309814445729960, 0.01098901098901099)
(1, 1, 0.000529887323296503, -0.808518367724892, 0.010869565217391304)
(1, -1, 0.000535646967567057, -0.809520449842881, 0.010752688172043012)
(1, 1, 0.000541406611819841, 0.308193025238271, 0.010638297872340425)
(1, -1, 0.000547166256054665, 0.999999616779619, 0.010526315789473684)
(1, 1, 0.000552925900271338, 0.309858255429019, 0.010416666666666666)
(1, -1, 0.000558685544469668, -0.808491251796473, 0.010309278350515464)
(1, 1, 0.000564445188649465, -0.809547500501232, 0.01020408163265306)
(1, -1, 0.000570204832810537, 0.308149190609408, 0.010101010101010102)
(1, 1, 0.000575964476952693, 0.999999575379082, 0.01)
(1, -1, 0.000581724121075743, 0.309902064470217, 0.009900990099009901)
(1, 1, 0.000587483765179494, -0.808464134151543, 0.00980392156862745)
(1, -1, 0.000593243409263757, -0.809574549440829, 0.009708737864077669)
(-1, 1, 0.000599003053328340, 0.308105355326313, 0.009615384615384616)
(1, -1, 0.000604762697373052, 0.999999531855442, 0.009523809523809525)
(-1, 1, 0.000610522341397702, 0.309945872853460, 0.009433962264150943)
(-1, -1, 0.000616281985402098, -0.808437014790159, 0.009345794392523364)
(1, 1, 0.000622041629386051, -0.809601596661615, 0.009259259259259259)
(-1, -1, 0.000627801273349368, 0.308061519389078, 0.009174311926605505)
(1, 1, 0.000633560917291858, 0.999999486208697, 0.00909090909090909)
(-1, -1, 0.000639320561213331, 0.309989680578655, 0.009009009009009009)
(1, 1, 0.000645080205113596, -0.808409893712379, 0.008928571428571428)
(1, -1, 0.000650839848992461, -0.809628642163531, 0.008849557522123894)
(1, 1, 0.000656599492849736, 0.308017682797796, 0.008771929824561403)
(1, -1, 0.000662359136685228, 0.999999438438849, 0.008695652173913044)
(-1, 1, 0.000668118780498748, 0.310033487645710, 0.008620689655172414)
(-1, -1, 0.000673878424290105, -0.808382770918259, 0.008547008547008548)
(1, 1, 0.000679638068059106, -0.809655685946522, 0.00847457627118644)
(1, -1, 0.000685397711805561, 0.307973845552560, 0.008403361344537815)
(1, 1, 0.000691157355529279, 0.999999388545898, 0.008333333333333333)
(1, -1, 0.000696916999230069, 0.310077294054532, 0.008264462809917356)
(1, 1, 0.000702676642907740, -0.808355646407859, 0.00819672131147541)
(-1, -1, 0.000708436286562101, -0.809682728010528, 0.008130081300813009)
(1, 1, 0.000714195930192960, 0.307930007653463, 0.008064516129032258)
(1, -1, 0.000719955573800127, 0.999999336529843, 0.008)
(1, 1, 0.000725715217383410, 0.310121099805027, 0.007936507936507936)
(-1, -1, 0.000731474860942619, -0.808328520181234, 0.007874015748031496)
(1, 1, 0.000737234504477563, -0.809709768355493, 0.0078125)
(-1, -1, 0.000742994147988049, 0.307886169100599, 0.007751937984496124)
(-1, 1, 0.000748753791473888, 0.999999282390684, 0.007692307692307693)
(-1, -1, 0.000754513434934889, 0.310164904897102, 0.007633587786259542)
(1, 1, 0.000760273078370859, -0.808301392238444, 0.007575757575757576)
(1, -1, 0.000766032721781608, -0.809736806981360, 0.007518796992481203)
(-1, 1, 0.000771792365166946, 0.307842329894060, 0.007462686567164179)
(1, -1, 0.000777552008526680, 0.999999226128423, 0.007407407407407408)
(1, 1, 0.000783311651860620, 0.310208709330665, 0.007352941176470588)
(-1, -1, 0.000789071295168575, -0.808274262579545, 0.0072992700729927005)
(1, 1, 0.000794830938450354, -0.809763843888070, 0.007246376811594203)
(1, -1, 0.000800590581705765, 0.307798490033940, 0.007194244604316547)
(1, 1, 0.000806350224934619, 0.999999167743058, 0.007142857142857143)
(1, -1, 0.000812109868136722, 0.310252513105622, 0.0070921985815602835)
(1, 1, 0.000817869511311885, -0.808247131204595, 0.007042253521126761)
(-1, -1, 0.000823629154459916, -0.809790879075567, 0.006993006993006993)
(1, 1, 0.000829388797580625, 0.307754649520331, 0.006944444444444444)
(-1, -1, 0.000835148440673820, 0.999999107234590, 0.006896551724137931)
(-1, 1, 0.000840908083739310, 0.310296316221880, 0.00684931506849315)
(1, -1, 0.000846667726776905, -0.808219998113652, 0.006802721088435374)
(-1, 1, 0.000852427369786412, -0.809817912543793, 0.006756756756756757)
(-1, -1, 0.000858187012767641, 0.307710808353327, 0.006711409395973154)
(1, 1, 0.000863946655720402, 0.999999044603020, 0.006666666666666667)
(1, -1, 0.000869706298644502, 0.310340118679347, 0.006622516556291391)
(1, 1, 0.000875465941539751, -0.808192863306773, 0.006578947368421052)
(1, -1, 0.000881225584405957, -0.809844944292691, 0.006535947712418301)
(1, 1, 0.000886985227242931, 0.307666966533020, 0.006493506493506494)
(1, -1, 0.000892744870050480, 0.999998979848347, 0.0064516129032258064)
(-1, 1, 0.000898504512828413, 0.310383920477930, 0.00641025641025641)
(1, -1, 0.000904264155576540, -0.808165726784016, 0.006369426751592357)
(-1, 1, 0.000910023798294669, -0.809871974322204, 0.006329113924050633)
(-1, -1, 0.000915783440982609, 0.307623124059505, 0.006289308176100629)
(1, 1, 0.000921543083640170, 0.999998912970571, 0.00625)
(1, -1, 0.000927302726267160, 0.310427721617534, 0.006211180124223602)
(1, 1, 0.000933062368863388, -0.808138588545438, 0.006172839506172839)
(1, -1, 0.000938822011428664, -0.809899002632273, 0.006134969325153374)
(-1, 1, 0.000944581653962795, 0.307579280932873, 0.006097560975609756)
(1, -1, 0.000950341296465591, 0.999998843969693, 0.006060606060606061)
(-1, 1, 0.000956100938936861, 0.310471522098069, 0.006024096385542169)
(1, -1, 0.000961860581376413, -0.808111448591098, 0.005988023952095809)
(1, 1, 0.000967620223784058, -0.809926029222842, 0.005952380952380952)
(1, -1, 0.000973379866159603, 0.307535437153218, 0.005917159763313609)
(1, 1, 0.000979139508502857, 0.999998772845712, 0.0058823529411764705)
(1, -1, 0.000984899150813630, 0.310515321919439, 0.005847953216374269)
(-1, 1, 0.000990658793091730, -0.808084306921052, 0.005813953488372093)
(-1, -1, 0.000996418435336968, -0.809953054093853, 0.005780346820809248)
(-1, 1, 0.00100217807754915, 0.307491592720634, 0.005747126436781609)
