459.325026053993
(1, -1, 6.03489755205481e-6, 0.998027266478406, 1.0)
(-1, 1, 0.0000120697951038898, 0.992116849268719, 0.5)
(1, -1, 0.0000181046926552853, 0.982292067727250, 0.3333333333333333)
(1, 1, 0.0000241395902060213, 0.968591685205779, 0.25)
(1, -1, 0.0000301744877558782, 0.951069756112023, 0.2)
(-1, 1, 0.0000362093853046362, 0.929795412639754, 0.16666666666666666)
(-1, -1, 0.0000422442828520754, 0.904852592010007, 0.14285714285714285)
(-1, 1, 0.0000482791803979760, 0.876339705299542, 0.125)
(1, -1, 0.0000543140779421184, 0.844369249163181, 0.1111111111111111)
(-1, 1, 0.0000603489754842826, 0.809067361981965, 0.1)
(1, -1, 0.0000663838730242489, 0.770573326188330, 0.09090909090909091)
(1, 1, 0.0000724187705617975, 0.729039018731860, 0.08333333333333333)
(1, -1, 0.0000784536680967086, 0.684628311853785, 0.07692307692307693)
(1, 1, 0.0000844885656287625, 0.637516426534458, 0.07142857142857142)
(1, -1, 0.0000905234631577392, 0.587889241164748, 0.06666666666666667)
(1, 1, 0.0000965583606834191, 0.535942558168978, 0.0625)
(-1, -1, 0.000102593258205582, 0.481881331472910, 0.058823529411764705)
(-1, 1, 0.000108628155724009, 0.425918857864788, 0.05555555555555555)
(-1, -1, 0.000114663053238480, 0.368275935439889, 0.05263157894736842)
(1, 1, 0.000120697950748774, 0.309179992448912, 0.05)
(-1, -1, 0.000126732848254673, 0.248864189987315, 0.047619047619047616)
(-1, 1, 0.000132767745755956, 0.187566502065894, 0.045454545454545456)
(-1, -1, 0.000138802643252404, 0.125528776692166, 0.043478260869565216)
(-1, 1, 0.000144837540743796, 0.0629957816670266, 0.041666666666666664)
(1, -1, 0.000150872438229914, 0.000214238861460431, 0.04)
(-1, 1, 0.000156907335710537, -0.0625681492164732, 0.038461538461538464)
(1, -1, 0.000162942233185445, -0.125103676723720, 0.037037037037037035)
(-1, 1, 0.000168977130654419, -0.187145611797471, 0.03571428571428571)
(-1, -1, 0.000175012028117238, -0.248449170027599, 0.034482758620689655)
(-1, 1, 0.000181046925573684, -0.308772480245474, 0.03333333333333333)
(-1, -1, 0.000187081823023536, -0.367877538818699, 0.03225806451612903)
(-1, 1, 0.000193116720466575, -0.425531148686585, 0.03125)
(1, -1, 0.000199151617902580, -0.481505839431478, 0.030303030303030304)
(1, 1, 0.000205186515331332, -0.535580764755792, 0.029411764705882353)
(-1, -1, 0.000211221412752611, -0.587542573823796, 0.02857142857142857)
(1, 1, 0.000217256310166198, -0.637186253030309, 0.027777777777777776)
(-1, -1, 0.000223291207571872, -0.684315934875118, 0.02702702702702703)
(1, 1, 0.000229326104969414, -0.728745670751750, 0.02631578947368421)
(1, -1, 0.000235361002358603, -0.770300164601564, 0.02564102564102564)
(-1, 1, 0.000241395899739221, -0.808815464538581, 0.025)
(-1, -1, 0.000247430797111048, -0.844139609716240, 0.024390243902439025)
(1, 1, 0.000253465694473862, -0.876133229883915, 0.023809523809523808)
(-1, -1, 0.000259500591827446, -0.904670095267640, 0.023255813953488372)
(1, 1, 0.000265535489171579, -0.929637614605530, 0.022727272727272728)
(1, -1, 0.000271570386506041, -0.950937279372886, 0.022222222222222223)
(1, 1, 0.000277605283830612, -0.968485052444337, 0.021739130434782608)
(1, -1, 0.000283640181145073, -0.982211699659549, 0.02127659574468085)
(1, 1, 0.000289675078449203, -0.992063062984321, 0.020833333333333332)
(1, -1, 0.000295709975742784, -0.998000274189324, 0.02040816326530612)
(-1, 1, 0.000301744873025595, -0.999999908203420, 0.02)
(-1, -1, 0.000307779770297416, -0.998054075536510, 0.0196078431372549)
(1, 1, 0.000313814667558028, -0.992170453407250, 0.019230769230769232)
(-1, -1, 0.000319849564807211, -0.982372255452848, 0.018867924528301886)
(-1, 1, 0.000325884462044745, -0.968698140140414, 0.018518518518518517)
(1, -1, 0.000331919359270411, -0.951202058241259, 0.01818181818181818)
(1, 1, 0.000337954256483988, -0.929953039969901, 0.017857142857142856)
(-1, -1, 0.000343989153685256, -0.905034922627628, 0.017543859649122806)
(1, 1, 0.000350024050873997, -0.876546019825195, 0.017241379310344827)
(1, -1, 0.000356058948049989, -0.844598733589704, 0.01694915254237288)
(1, 1, 0.000362093845213014, -0.809319110886116, 0.016666666666666666)
(1, -1, 0.000368128742362852, -0.770846346303105, 0.01639344262295082)
(1, 1, 0.000374163639499282, -0.729332232865394, 0.016129032258064516)
(-1, -1, 0.000380198536622085, -0.684940563139377, 0.015873015873015872)
(1, 1, 0.000386233433731041, -0.637846482994952, 0.015625)
(1, -1, 0.000392268330825931, -0.588235800573256, 0.015384615384615385)
(-1, 1, 0.000398303227906534, -0.536304253186776, 0.015151515151515152)
(1, -1, 0.000404338124972632, -0.482256735044226, 0.014925373134328358)
(-1, 1, 0.000410373022024003, -0.426306488847203, 0.014705882352941176)
(-1, -1, 0.000416407919060428, -0.368674264448136, 0.014492753623188406)
(1, 1, 0.000422442816081688, -0.309587447889018, 0.014285714285714285)
(1, -1, 0.000428477713087562, -0.249279164257270, 0.014084507042253521)
(-1, 1, 0.000434512610077832, -0.187987357898390, 0.013888888888888888)
(1, -1, 0.000440547507052276, -0.125953853614387, 0.0136986301369863)
(1, 1, 0.000446582404010676, -0.0634234025519856, 0.013513513513513514)
(1, -1, 0.000452617300952811, -0.000642716545048383, 0.013333333333333334)
(-1, 1, 0.000458652197878461, 0.0621405052788355, 0.013157894736842105)
(-1, -1, 0.000464687094787408, 0.124678553787094, 0.012987012987012988)
(-1, 1, 0.000470721991679431, 0.186724687170394, 0.01282051282051282)
(-1, -1, 0.000476756888554310, 0.248034104454314, 0.012658227848101266)
(1, 1, 0.000482791785411825, 0.308364911353522, 0.0125)
(1, -1, 0.000488826682251758, 0.367479074657709, 0.012345679012345678)
(1, 1, 0.000494861579073887, 0.425143361383773, 0.012195121951219513)
(-1, -1, 0.000500896475877993, 0.481130258988868, 0.012048192771084338)
(-1, 1, 0.000506931372663857, 0.535218873013641, 0.011904761904761904)
(-1, -1, 0.000512966269431258, 0.587195798614047, 0.011764705882352941)
(1, 1, 0.000519001166179977, 0.636855962543123, 0.011627906976744186)
(-1, -1, 0.000525036062909795, 0.684003432260728, 0.011494252873563218)
(-1, 1, 0.000531070959620490, 0.728452188978920, 0.011363636363636364)
(1, -1, 0.000537105856311843, 0.770026861592958, 0.011235955056179775)
(-1, 1, 0.000543140752983636, 0.808563418602211, 0.011111111111111112)
(-1, -1, 0.000549175649635647, 0.843909815291042, 0.01098901098901099)
(-1, 1, 0.000555210546267657, 0.875926593616220, 0.010869565217391304)
(-1, -1, 0.000561245442879446, 0.904487432434033, 0.010752688172043012)
(-1, 1, 0.000567280339470795, 0.929479645896200, 0.010638297872340425)
(-1, -1, 0.000573315236041484, 0.950804628048169, 0.010526315789473684)
(-1, 1, 0.000579350132591292, 0.968378241875664, 0.010416666666666666)
(-1, -1, 0.000585385029120000, 0.982131151264499, 0.010309278350515464)
(-1, 1, 0.000591419925627389, 0.992009094563931, 0.01020408163265306)
(1, -1, 0.000597454822113238, 0.997973098674218, 0.010101010101010102)
(1, 1, 0.000603489718577328, 0.999999632813699, 0.01)
(1, -1, 0.000609524615019439, 0.998080701358713, 0.009900990099009901)
(1, 1, 0.000615559511439351, 0.992223875390074, 0.00980392156862745)
(-1, -1, 0.000621594407836844, 0.982452262821620, 0.009708737864077669)
(-1, 1, 0.000627629304211699, 0.968804417228697, 0.009615384615384616)
(-1, -1, 0.000633664200563696, 0.951334185736304, 0.009523809523809525)
(1, 1, 0.000639699096892614, 0.930110496567031, 0.009433962264150943)
(-1, -1, 0.000645733993198235, 0.905217087087029, 0.009345794392523364)
(1, 1, 0.000651768889480338, 0.876752173422995, 0.009259259259259259)
(-1, -1, 0.000657803785738703, 0.844828062953677, 0.009174311926605505)
(-1, 1, 0.000663838681973112, 0.809570711204815, 0.00909090909090909)
(-1, -1, 0.000669873578183343, 0.771119224895764, 0.009009009009009009)
(-1, 1, 0.000675908474369178, 0.729625313098519, 0.008928571428571428)
(-1, -1, 0.000681943370530396, 0.685252688674567, 0.008849557522123894)
(1, 1, 0.000687978266666777, 0.638176422351195, 0.008771929824561403)
(-1, -1, 0.000694013162778103, 0.588582251985696, 0.008695652173913044)
(-1, 1, 0.000700048058864153, 0.536665849742782, 0.008620689655172414)
(1, -1, 0.000706082954924706, 0.482632050076504, 0.008547008547008548)
(-1, 1, 0.000712117850959545, 0.426694041562663, 0.00847457627118644)
(1, -1, 0.000718152746968448, 0.369072525770311, 0.008403361344537815)
(-1, 1, 0.000724187642951195, 0.309994846490987, 0.008333333333333333)
(1, -1, 0.000730222538907569, 0.249694092761274, 0.008264462809917356)
(-1, 1, 0.000736257434837347, 0.188408179217694, 0.00819672131147541)
(-1, -1, 0.000742292330740310, 0.126378907412342, 0.008130081300813009)
(-1, 1, 0.000748327226616240, 0.0638510117928416, 0.008064516129032258)
(1, -1, 0.000754362122464915, 0.00107119411063797, 0.008)
(1, 1, 0.000760397018286117, -0.0617128499326260, 0.007936507936507936)
(1, -1, 0.000766431914079625, -0.124253407960340, 0.007874015748031496)
(-1, 1, 0.000772466809845219, -0.186303728261942, 0.0078125)
(-1, -1, 0.000778501705582681, -0.247618993343664, 0.007751937984496124)
(-1, 1, 0.000784536601291789, -0.307957285847881, 0.007692307692307693)
(-1, -1, 0.000790571496972324, -0.367080543030075, 0.007633587786259542)
(1, 1, 0.000796606392624067, -0.424755496027549, 0.007575757575757576)
(1, -1, 0.000802641288246797, -0.480754590214034, 0.007518796992481203)
(-1, 1, 0.000808676183840296, -0.534856883008967, 0.007462686567164179)
(1, -1, 0.000814711079404342, -0.586848915599167, 0.007407407407407408)
(1, 1, 0.000820745974938716, -0.636525555133539, 0.007352941176470588)
(-1, -1, 0.000826780870443199, -0.683690804067986, 0.0072992700729927005)
(1, 1, 0.000832815765917571, -0.728158573467251, 0.007246376811594203)
(-1, -1, 0.000838850661361611, -0.769753417212687, 0.007194244604316547)
(-1, 1, 0.000844885556775101, -0.808311224219129, 0.007142857142857143)
(1, -1, 0.000850920452157819, -0.843679865929775, 0.0070921985815602835)
(-1, 1, 0.000856955347509548, -0.875719796534394, 0.007042253521126761)
(1, -1, 0.000862990242830066, -0.904304603542720, 0.006993006993006993)
(1, 1, 0.000869025138119153, -0.929321506540765, 0.006944444444444444)
(-1, -1, 0.000875060033376591, -0.950671802162228, 0.006896551724137931)
(-1, 1, 0.000881094928602160, -0.968271253519371, 0.00684931506849315)
(1, -1, 0.000887129823795639, -0.982050422556888, 0.006802721088435374)
(-1, 1, 0.000893164718956808, -0.991954944017458, 0.006756756756756757)
(1, -1, 0.000899199614085449, -0.997945739938079, 0.006711409395973154)
(-1, 1, 0.000905234509181340, -0.999999173830885, 0.006666666666666667)
(-1, -1, 0.000911269404244263, -0.998107143940127, 0.006622516556291391)
(1, 1, 0.000917304299273998, -0.992277115207382, 0.006578947368421052)
(-1, -1, 0.000923339194270324, -0.982532089818877, 0.006535947712418301)
(1, 1, 0.000929374089233023, -0.968910516451117, 0.006493506493506494)
(-1, -1, 0.000935408984161873, -0.951466138572901, 0.0064516129032258064)
(1, 1, 0.000941443879056656, -0.930267782402237, 0.00641025641025641)
(-1, -1, 0.000947478773917152, -0.905399085354765, 0.006369426751592357)
(1, 1, 0.000953513668743141, -0.876958166055093, 0.006329113924050633)
(-1, -1, 0.000959548563534402, -0.845057237212997, 0.006289308176100629)
(-1, 1, 0.000965583458290717, -0.809822162891869, 0.00625)
(1, -1, 0.000971618353011865, -0.771391961916209, 0.006211180124223602)
(-1, 1, 0.000977653247697627, -0.729918259377428, 0.006172839506172839)
(1, -1, 0.000983688142347783, -0.685564688402052, 0.006134969325153374)
(-1, 1, 0.000989723036962113, -0.638506244542613, 0.006097560975609756)
(1, -1, 0.000995757931540397, -0.588928595338461, 0.006060606060606061)
(1, 1, 0.00100179282608242, -0.537027347770610, 0.006024096385542169)
(-1, -1, 0.00100782772058795, -0.483007276500840, 0.005988023952095809)
(1, 1, 0.00101386261505678, -0.427081515940016, 0.005952380952380952)
(1, -1, 0.00101989750948868, -0.369470719333295, 0.005917159763313609)
(1, 1, 0.00102593240388344, -0.310402188180022, 0.0058823529411764705)
(-1, -1, 0.00103196729824083, -0.250108975423152, 0.005847953216374269)
(-1, 1, 0.00103800219256064, -0.188828965946544, 0.005813953488372093)
(1, -1, 0.00104403708684265, -0.126803938007995, 0.005780346820809248)
