517.385475433853
(1, -1, 4.75643595553314e-6, 0.809018671829398, 1.0)
(-1, 1, 9.51287191095866e-6, 0.309022422737206, 0.5)
(1, -1, 0.0000142693078661690, -0.309008851812684, 0.3333333333333333)
(1, 1, 0.0000190257438210565, -0.809010284491256, 0.25)
(-1, -1, 0.0000237821797755135, -0.999999999898193, 0.2)
(-1, 1, 0.0000285386157294325, -0.809027059002813, 0.16666666666666666)
(1, -1, 0.0000332950516827059, -0.309035993598806, 0.14285714285714285)
(-1, 1, 0.0000380514876352260, 0.308995280825244, 0.125)
(1, -1, 0.0000428079235868852, 0.809001896988388, 0.1111111111111111)
(1, 1, 0.0000475643595375760, 0.999999999592774, 0.1)
(1, -1, 0.0000523207954871907, 0.809035446011500, 0.09090909090909091)
(1, 1, 0.0000570772314356217, 0.309049564397483, 0.08333333333333333)
(-1, -1, 0.0000618336673827614, -0.308981709774889, 0.07692307692307693)
(-1, 1, 0.0000665901033285022, -0.808993509320797, 0.07142857142857142)
(-1, -1, 0.0000713465392727365, -0.999999999083741, 0.06666666666666667)
(1, 1, 0.0000761029752153567, -0.809043832855457, 0.0625)
(1, -1, 0.0000808594111562551, -0.309063135133233, 0.058823529411764705)
(-1, 1, 0.0000856158470953242, 0.308968138661621, 0.05555555555555555)
(-1, -1, 0.0000903722830324563, 0.808985121488485, 0.05263157894736842)
(-1, 1, 0.0000951287189675439, 0.999999998371095, 0.05)
(1, -1, 0.0000998851549004794, 0.809052219534681, 0.047619047619047616)
(-1, 1, 0.000104641590831155, 0.309076705806054, 0.045454545454545456)
(1, -1, 0.000109398026759463, -0.308954567485443, 0.043478260869565216)
(-1, 1, 0.000114154462685297, -0.808976733491452, 0.041666666666666664)
(1, -1, 0.000118910898608547, -0.999999997454836, 0.04)
(1, 1, 0.000123667334529108, -0.809060606049172, 0.038461538461538464)
(1, -1, 0.000128423770446871, -0.309090276415942, 0.037037037037037035)
(1, 1, 0.000133180206361728, 0.308940996246358, 0.03571428571428571)
(-1, -1, 0.000137936642273572, 0.808968345329702, 0.034482758620689655)
(1, 1, 0.000142693078182296, 0.999999996334963, 0.03333333333333333)
(1, -1, 0.000147449514087791, 0.809068992398928, 0.03225806451612903)
(-1, 1, 0.000152205949989951, 0.309103846962896, 0.03125)
(1, -1, 0.000156962385888667, -0.308927424944368, 0.030303030303030304)
(-1, 1, 0.000161718821783832, -0.808959957003234, 0.029411764705882353)
(-1, -1, 0.000166475257675338, -0.999999995011478, 0.02857142857142857)
(1, 1, 0.000171231693563078, -0.809077378583946, 0.027777777777777776)
(-1, -1, 0.000175988129446944, -0.309117417446912, 0.02702702702702703)
(1, 1, 0.000180744565326829, 0.308913853579477, 0.02631578947368421)
(-1, -1, 0.000185501001202624, 0.808951568512052, 0.02564102564102564)
(1, 1, 0.000190257437074223, 0.999999993484379, 0.025)
(-1, -1, 0.000195013872941518, 0.809085764604226, 0.024390243902439025)
(-1, 1, 0.000199770308804400, 0.309130987867988, 0.023809523809523808)
(1, -1, 0.000204526744662763, -0.308900282151687, 0.023255813953488372)
(1, 1, 0.000209283180516499, -0.808943179856156, 0.022727272727272728)
(-1, -1, 0.000214039616365500, -0.999999991753668, 0.022222222222222223)
(-1, 1, 0.000218796052209659, -0.809094150459765, 0.021739130434782608)
(1, -1, 0.000223552488048868, -0.309144558226121, 0.02127659574468085)
(1, 1, 0.000228308923883019, 0.308886710661001, 0.020833333333333332)
(1, -1, 0.000233065359712005, 0.808934791035549, 0.02040816326530612)
(-1, 1, 0.000237821795535718, 0.999999989819343, 0.02)
(1, -1, 0.000242578231354051, 0.809102536150562, 0.0196078431372549)
(-1, 1, 0.000247334667166896, 0.309158128521308, 0.019230769230769232)
(1, -1, 0.000252091102974145, -0.308873139107421, 0.018867924528301886)
(-1, 1, 0.000256847538775691, -0.808926402050233, 0.018518518518518517)
(-1, -1, 0.000261603974571426, -0.999999987681405, 0.01818181818181818)
(-1, 1, 0.000266360410361243, -0.809110921676615, 0.017857142857142856)
(-1, -1, 0.000271116846145033, -0.309171698753546, 0.017543859649122806)
(1, 1, 0.000275873281922690, 0.308859567490951, 0.017241379310344827)
(-1, -1, 0.000280629717694106, 0.808918012900208, 0.01694915254237288)
(-1, 1, 0.000285386153459173, 0.999999985339853, 0.016666666666666666)
(1, -1, 0.000290142589217783, 0.809119307037923, 0.01639344262295082)
(-1, 1, 0.000294899024969829, 0.309185268922833, 0.016129032258064516)
(1, -1, 0.000299655460715204, -0.308845995811592, 0.015873015873015872)
(1, 1, 0.000304411896453799, -0.808909623585477, 0.015625)
(1, -1, 0.000309168332185507, -0.999999982794689, 0.015384615384615385)
(-1, 1, 0.000313924767910221, -0.809127692234483, 0.015151515151515152)
(-1, -1, 0.000318681203627833, -0.309198839029165, 0.014925373134328358)
(1, 1, 0.000323437639338235, 0.308832424069349, 0.014705882352941176)
(1, -1, 0.000328194075041319, 0.808901234106041, 0.014492753623188406)
(1, 1, 0.000332950510736979, 0.999999980045912, 0.014285714285714285)
(-1, -1, 0.000337706946425106, 0.809136077266294, 0.014084507042253521)
(-1, 1, 0.000342463382105592, 0.309212409072541, 0.013888888888888888)
(-1, -1, 0.000347219817778331, -0.308818852264223, 0.0136986301369863)
(1, 1, 0.000351976253443215, -0.808892844461903, 0.013513513513513514)
(1, -1, 0.000356732689100136, -0.999999977093521, 0.013333333333333334)
(-1, 1, 0.000361489124748986, -0.809144462133355, 0.013157894736842105)
(1, -1, 0.000366245560389658, -0.309225979052957, 0.012987012987012988)
(1, 1, 0.000371001996022044, 0.308805280396218, 0.01282051282051282)
(-1, -1, 0.000375758431646036, 0.808884454653063, 0.012658227848101266)
(-1, 1, 0.000380514867261528, 0.999999973937517, 0.0125)
(1, -1, 0.000385271302868411, 0.809152846835663, 0.012345679012345678)
(1, 1, 0.000390027738466577, 0.309239548970410, 0.012195121951219513)
(-1, -1, 0.000394784174055920, -0.308791708465336, 0.012048192771084338)
(1, 1, 0.000399540609636331, -0.808876064679523, 0.011904761904761904)
(-1, -1, 0.000404297045207704, -0.999999970577900, 0.011764705882352941)
(-1, 1, 0.000409053480769929, -0.809161231373216, 0.011627906976744186)
(-1, -1, 0.000413809916322901, -0.309253118824899, 0.011494252873563218)
(-1, 1, 0.000418566351866510, 0.308778136471580, 0.011363636363636364)
(-1, -1, 0.000423322787400650, 0.808867674541286, 0.011235955056179775)
(1, 1, 0.000428079222925212, 0.999999967014670, 0.011111111111111112)
(-1, -1, 0.000432835658440090, 0.809169615746014, 0.01098901098901099)
(1, 1, 0.000437592093945176, 0.309266688616419, 0.010869565217391304)
(1, -1, 0.000442348529440362, -0.308764564414952, 0.010752688172043012)
(-1, 1, 0.000447104964925540, -0.808859284238353, 0.010638297872340425)
(1, -1, 0.000451861400400603, -0.999999963247827, 0.010526315789473684)
(-1, 1, 0.000456617835865443, -0.809177999954054, 0.010416666666666666)
(-1, -1, 0.000461374271319953, -0.309280258344968, 0.010309278350515464)
(-1, 1, 0.000466130706764025, 0.308750992295456, 0.01020408163265306)
(1, -1, 0.000470887142197551, 0.808850893770725, 0.010101010101010102)
(1, 1, 0.000475643577620424, 0.999999959277371, 0.01)
(1, -1, 0.000480400013032536, 0.809186383997336, 0.009900990099009901)
(-1, 1, 0.000485156448433780, 0.309293828010544, 0.00980392156862745)
(-1, -1, 0.000489912883824048, -0.308737420113095, 0.009708737864077669)
(1, 1, 0.000494669319203232, -0.808842503138405, 0.009615384615384616)
(-1, -1, 0.000499425754571225, -0.999999955103301, 0.009523809523809525)
(-1, 1, 0.000504182189927919, -0.809194767875856, 0.009433962264150943)
(1, -1, 0.000508938625273207, -0.309307397613144, 0.009345794392523364)
(1, 1, 0.000513695060606980, 0.308723847867870, 0.009259259259259259)
(-1, -1, 0.000518451495929132, 0.808834112341394, 0.009174311926605505)
(1, 1, 0.000523207931239555, 0.999999950725619, 0.00909090909090909)
(-1, -1, 0.000527964366538140, 0.809203151589613, 0.009009009009009009)
(1, 1, 0.000532720801824782, 0.309320967152764, 0.008928571428571428)
(1, -1, 0.000537477237099371, -0.308710275559785, 0.008849557522123894)
(1, 1, 0.000542233672361800, -0.808825721379693, 0.008771929824561403)
(-1, -1, 0.000546990107611962, -0.999999946144323, 0.008695652173913044)
(-1, 1, 0.000551746542849749, -0.809211535138606, 0.008620689655172414)
(-1, -1, 0.000556502978075054, -0.309334536629403, 0.008547008547008548)
(1, 1, 0.000561259413287768, 0.308696703188842, 0.00847457627118644)
(1, -1, 0.000566015848487785, 0.808817330253305, 0.008403361344537815)
(1, 1, 0.000570772283674996, 0.999999941359414, 0.008333333333333333)
(1, -1, 0.000575528718849295, 0.809219918522833, 0.008264462809917356)
(-1, 1, 0.000580285154010572, 0.309348106043057, 0.00819672131147541)
(-1, -1, 0.000585041589158722, -0.308683130755045, 0.008130081300813009)
(1, 1, 0.000589798024293636, -0.808808938962231, 0.008064516129032258)
(-1, -1, 0.000594554459415206, -0.999999936370892, 0.008)
(-1, 1, 0.000599310894523326, -0.809228301742292, 0.007936507936507936)
(-1, -1, 0.000604067329617886, -0.309361675393724, 0.007874015748031496)
(-1, 1, 0.000608823764698781, 0.308669558258396, 0.0078125)
(1, -1, 0.000613580199765902, 0.808800547506473, 0.007751937984496124)
(-1, 1, 0.000618336634819141, 0.999999931178757, 0.007692307692307693)
(-1, -1, 0.000623093069858391, 0.809236684796981, 0.007633587786259542)
(1, 1, 0.000627849504883545, 0.309375244681401, 0.007575757575757576)
(-1, -1, 0.000632605939894494, -0.308655985698898, 0.007518796992481203)
(1, 1, 0.000637362374891131, -0.808792155886033, 0.007462686567164179)
(-1, -1, 0.000642118809873349, -0.999999925783009, 0.007407407407407408)
(-1, 1, 0.000646875244841040, -0.809245067686900, 0.007352941176470588)
(1, -1, 0.000651631679794096, -0.309388813906085, 0.0072992700729927005)
(-1, 1, 0.000656388114732410, 0.308642413076553, 0.007246376811594203)
(-1, -1, 0.000661144549655874, 0.808783764100911, 0.007194244604316547)
(-1, 1, 0.000665900984564380, 0.999999920183647, 0.007142857142857143)
(1, -1, 0.000670657419457822, 0.809253450412045, 0.0070921985815602835)
(1, 1, 0.000675413854336090, 0.309402383067773, 0.007042253521126761)
(-1, -1, 0.000680170289199078, -0.308628840391365, 0.006993006993006993)
(1, 1, 0.000684926724046678, -0.808775372151111, 0.006944444444444444)
(1, -1, 0.000689683158878783, -0.999999914380673, 0.006896551724137931)
(1, 1, 0.000694439593695284, -0.809261832972416, 0.00684931506849315)
(1, -1, 0.000699196028496075, -0.309415952166463, 0.006802721088435374)
(-1, 1, 0.000703952463281047, 0.308615267643335, 0.006756756756756757)
(1, -1, 0.000708708898050094, 0.808766980036634, 0.006711409395973154)
(-1, 1, 0.000713465332803106, 0.999999908374085, 0.006666666666666667)
(1, -1, 0.000718221767539978, 0.809270215368010, 0.006622516556291391)
(1, 1, 0.000722978202260600, 0.309429521202151, 0.006578947368421052)
(1, -1, 0.000727734636964867, -0.308601694832468, 0.006535947712418301)
(-1, 1, 0.000732491071652669, -0.808758587757481, 0.006493506493506494)
(-1, -1, 0.000737247506323899, -0.999999902163884, 0.0064516129032258064)
(-1, 1, 0.000742003940978451, -0.809278597598827, 0.00641025641025641)
(-1, -1, 0.000746760375616215, -0.309443090174836, 0.006369426751592357)
(1, 1, 0.000751516810237085, 0.308588121958765, 0.006329113924050633)
(1, -1, 0.000756273244840953, 0.808750195313654, 0.006289308176100629)
(1, 1, 0.000761029679427711, 0.999999895750071, 0.00625)
(1, -1, 0.000765786113997252, 0.809286979664863, 0.006211180124223602)
(-1, 1, 0.000770542548549468, 0.309456659084514, 0.006172839506172839)
(-1, -1, 0.000775298983084251, -0.308574549022230, 0.006134969325153374)
(-1, 1, 0.000780055417601495, -0.808741802705154, 0.006097560975609756)
(-1, -1, 0.000784811852101090, -0.999999889132643, 0.006060606060606061)
(1, 1, 0.000789568286582931, -0.809295361566118, 0.006024096385542169)
(1, -1, 0.000794324721046908, -0.309470227931183, 0.005988023952095809)
(-1, 1, 0.000799081155492915, 0.308560976022865, 0.005952380952380952)
(1, -1, 0.000803837589920843, 0.808733409931985, 0.005917159763313609)
(1, 1, 0.000808594024330586, 0.999999882311603, 0.0058823529411764705)
(-1, -1, 0.000813350458722036, 0.809303743302590, 0.005847953216374269)
(1, 1, 0.000818106893095084, 0.309483796714839, 0.005813953488372093)
(1, -1, 0.000822863327449624, -0.308547402960673, 0.005780346820809248)
(1, 1, 0.000827619761785548, -0.808725016994146, 0.005747126436781609)
(1, -1, 0.000832376196102748, -0.999999875286950, 0.005714285714285714)
(1, 1, 0.000837132630401116, -0.809312124874277, 0.005681818181818182)
(-1, -1, 0.000841889064680546, -0.309497365435481, 0.005649717514124294)
(1, 1, 0.000846645498940929, 0.308533829835656, 0.0056179775280898875)
(-1, -1, 0.000851401933182157, 0.808716623891641, 0.00558659217877095)
