543.906935978717
(1, -1, 4.30388763722660e-6, 0.309021906259285, 1.0)
(1, 1, 8.60777527437347e-6, -0.809010922903755, 0.5)
(-1, -1, 0.0000129116629113609, -0.809026101419890, 0.3333333333333333)
(1, 1, 0.0000172155505481092, 0.308997346755170, 0.25)
(-1, -1, 0.0000215194381845385, 0.999999999666578, 0.2)
(-1, 1, 0.0000258233258205693, 0.309046465557331, 0.16666666666666666)
(-1, -1, 0.0000301272134561217, -0.808995743848136, 0.14285714285714285)
(1, 1, 0.0000344311010911161, -0.809041279396530, 0.125)
(1, -1, 0.0000387349887254726, 0.308972787045002, 0.1111111111111111)
(-1, 1, 0.0000430388763591117, 0.999999998666312, 0.1)
(-1, -1, 0.0000473427639919536, 0.309071024649291, 0.09090909090909091)
(-1, 1, 0.0000516466516239184, -0.808980564253043, 0.08333333333333333)
(-1, -1, 0.0000559505392549267, -0.809056456833666, 0.07692307692307693)
(-1, 1, 0.0000602544268848985, 0.308948227128797, 0.07142857142857142)
(1, -1, 0.0000645583145137542, 0.999999996999201, 0.06666666666666667)
(1, 1, 0.0000688622021414140, 0.309095583535149, 0.0625)
(-1, -1, 0.0000731660897677983, -0.808965384118486, 0.058823529411764705)
(1, 1, 0.0000774699773928273, -0.809071633731288, 0.05555555555555555)
(-1, -1, 0.0000817738650164213, 0.308923667006572, 0.05263157894736842)
(-1, 1, 0.0000860777526385006, 0.999999994665247, 0.05)
(1, -1, 0.0000903816402589854, 0.309120142214888, 0.047619047619047616)
(-1, 1, 0.0000946855278777960, -0.808950203444475, 0.045454545454545456)
(1, -1, 0.0000989894154948527, -0.809086810089385, 0.043478260869565216)
(-1, 1, 0.000103293303110076, 0.308899106678342, 0.041666666666666664)
(1, -1, 0.000107597190723386, 0.999999991664448, 0.04)
(-1, 1, 0.000111901078334702, 0.309144700688492, 0.038461538461538464)
(-1, -1, 0.000116204965943946, -0.808935022231020, 0.037037037037037035)
(-1, 1, 0.000120508853551037, -0.809101985907947, 0.03571428571428571)
(1, -1, 0.000124812741155897, 0.308874546144125, 0.034482758620689655)
(1, 1, 0.000129116628758444, 0.999999987996805, 0.03333333333333333)
(1, -1, 0.000133420516358599, 0.309169258955945, 0.03225806451612903)
(1, 1, 0.000137724403956283, -0.808919840478132, 0.03125)
(1, -1, 0.000142028291551416, -0.809117161186964, 0.030303030303030304)
(-1, 1, 0.000146332179143918, 0.308849985403938, 0.029411764705882353)
(1, -1, 0.000150636066733710, 0.999999983662318, 0.02857142857142857)
(1, 1, 0.000154939954320711, 0.309193817017230, 0.027777777777777776)
(1, -1, 0.000159243841904842, -0.808904658185820, 0.02702702702702703)
(-1, 1, 0.000163547729486024, -0.809132335926426, 0.02631578947368421)
(1, -1, 0.000167851617064176, 0.308825424457795, 0.02564102564102564)
(-1, 1, 0.000172155504639218, 0.999999978660987, 0.025)
(1, -1, 0.000176459392211072, 0.309218374872331, 0.024390243902439025)
(1, 1, 0.000180763279779657, -0.808889475354095, 0.023809523809523808)
(1, -1, 0.000185067167344894, -0.809147510126323, 0.023255813953488372)
(-1, 1, 0.000189371054906703, 0.308800863305713, 0.022727272727272728)
(-1, -1, 0.000193674942465004, 0.999999972992812, 0.022222222222222223)
(1, 1, 0.000197978830019718, 0.309242932521232, 0.021739130434782608)
(1, -1, 0.000202282717570764, -0.808874291982966, 0.02127659574468085)
(-1, 1, 0.000206586605118063, -0.809162683786644, 0.020833333333333332)
(1, -1, 0.000210890492661536, 0.308776301947710, 0.02040816326530612)
(1, 1, 0.000215194380201102, 0.999999966657792, 0.02)
(1, -1, 0.000219498267736682, 0.309267489963916, 0.0196078431372549)
(-1, 1, 0.000223802155268196, -0.808859108072445, 0.019230769230769232)
(-1, -1, 0.000228106042795564, -0.809177856907380, 0.018867924528301886)
(-1, 1, 0.000232409930318708, 0.308751740383801, 0.018518518518518517)
(1, -1, 0.000236713817837546, 0.999999959655929, 0.01818181818181818)
(-1, 1, 0.000241017705351999, 0.309292047200366, 0.017857142857142856)
(1, -1, 0.000245321592861988, -0.808843923622541, 0.017543859649122806)
(1, 1, 0.000249625480367433, -0.809193029488521, 0.017241379310344827)
(1, -1, 0.000253929367868254, 0.308727178614003, 0.01694915254237288)
(1, 1, 0.000258233255364371, 0.999999951987221, 0.016666666666666666)
(-1, -1, 0.000262537142855705, 0.309316604230567, 0.01639344262295082)
(1, 1, 0.000266841030342175, -0.808828738633264, 0.016129032258064516)
(-1, -1, 0.000271144917823703, -0.809208201530056, 0.015873015873015872)
(1, 1, 0.000275448805300208, 0.308702616638332, 0.015625)
(1, -1, 0.000279752692771612, 0.999999943651669, 0.015384615384615385)
(1, 1, 0.000284056580237833, 0.309341161054502, 0.015151515151515152)
(1, -1, 0.000288360467698792, -0.808813553104624, 0.014925373134328358)
(-1, 1, 0.000292664355154410, -0.809223373031975, 0.014705882352941176)
(-1, -1, 0.000296968242604607, 0.308678054456804, 0.014492753623188406)
(1, 1, 0.000301272130049303, 0.999999934649273, 0.014285714285714285)
(1, -1, 0.000305576017488418, 0.309365717672155, 0.014084507042253521)
(1, 1, 0.000309879904921873, -0.808798367036631, 0.013888888888888888)
(1, -1, 0.000314183792349588, -0.809238543994269, 0.0136986301369863)
(1, 1, 0.000318487679771483, 0.308653492069436, 0.013513513513513514)
(-1, -1, 0.000322791567187479, 0.999999924980033, 0.013333333333333334)
(-1, 1, 0.000327095454597496, 0.309390274083509, 0.013157894736842105)
(1, -1, 0.000331399342001453, -0.808783180429296, 0.012987012987012988)
(1, 1, 0.000335703229399272, -0.809253714416926, 0.01282051282051282)
(-1, -1, 0.000340007116790873, 0.308628929476245, 0.012658227848101266)
(-1, 1, 0.000344311004176175, 0.999999914643949, 0.0125)
(1, -1, 0.000348614891555100, 0.309414830288547, 0.012345679012345678)
(1, 1, 0.000352918778927567, -0.808767993282629, 0.012195121951219513)
(-1, -1, 0.000357222666293496, -0.809268884299937, 0.012048192771084338)
(1, 1, 0.000361526553652809, 0.308604366677245, 0.011904761904761904)
(1, -1, 0.000365830441005425, 0.999999903641021, 0.011764705882352941)
(1, 1, 0.000370134328351265, 0.309439386287255, 0.011627906976744186)
(-1, -1, 0.000374438215690248, -0.808752805596639, 0.011494252873563218)
(-1, 1, 0.000378742103022296, -0.809284053643292, 0.011363636363636364)
(-1, -1, 0.000383045990347328, 0.308579803672455, 0.011235955056179775)
(-1, 1, 0.000387349877665264, 0.999999891971249, 0.011111111111111112)
(1, -1, 0.000391653764976026, 0.309463942079614, 0.01098901098901099)
(1, 1, 0.000395957652279533, -0.808737617371338, 0.010869565217391304)
(-1, -1, 0.000400261539575705, -0.809299222446981, 0.010752688172043012)
(1, 1, 0.000404565426864463, 0.308555240461891, 0.010638297872340425)
(1, -1, 0.000408869314145727, 0.999999879634632, 0.010526315789473684)
(-1, 1, 0.000413173201419418, 0.309488497665610, 0.010416666666666666)
(1, -1, 0.000417477088685455, -0.808722428606734, 0.010309278350515464)
(1, 1, 0.000421780975943759, -0.809314390710993, 0.01020408163265306)
(-1, -1, 0.000426084863194250, 0.308530677045568, 0.010101010101010102)
(1, 1, 0.000430388750436848, 0.999999866631172, 0.01)
(1, -1, 0.000434692637671474, 0.309513053045224, 0.009900990099009901)
(1, 1, 0.000438996524898049, -0.808707239302839, 0.00980392156862745)
(1, -1, 0.000443300412116491, -0.809329558435319, 0.009708737864077669)
(-1, 1, 0.000447604299326722, 0.308506113423503, 0.009615384615384616)
(-1, -1, 0.000451908186528662, 0.999999852960867, 0.009523809523809525)
(-1, 1, 0.000456212073722231, 0.309537608218442, 0.009433962264150943)
(1, -1, 0.000460515960907350, -0.808692049459662, 0.009345794392523364)
(-1, 1, 0.000464819848083938, -0.809344725619948, 0.009259259259259259)
(-1, -1, 0.000469123735251915, 0.308481549595712, 0.009174311926605505)
(1, 1, 0.000473427622411204, 0.999999838623718, 0.00909090909090909)
(-1, -1, 0.000477731509561722, 0.309562163185246, 0.009009009009009009)
(-1, 1, 0.000482035396703392, -0.808676859077213, 0.008928571428571428)
(-1, -1, 0.000486339283836132, -0.809359892264870, 0.008849557522123894)
(1, 1, 0.000490643170959864, 0.308456985562213, 0.008771929824561403)
(-1, -1, 0.000494947058074507, 0.999999823619726, 0.008695652173913044)
(1, 1, 0.000499250945179983, 0.309586717945621, 0.008620689655172414)
(-1, -1, 0.000503554832276210, -0.808661668155503, 0.008547008547008548)
(1, 1, 0.000507858719363110, -0.809375058370075, 0.00847457627118644)
(1, -1, 0.000512162606440602, 0.308432421323021, 0.008403361344537815)
(1, 1, 0.000516466493508608, 0.999999807948889, 0.008333333333333333)
(1, -1, 0.000520770380567047, 0.309611272499549, 0.008264462809917356)
(-1, 1, 0.000525074267615839, -0.808646476694541, 0.00819672131147541)
(-1, -1, 0.000529378154654905, -0.809390223935553, 0.008130081300813009)
(1, 1, 0.000533682041684165, 0.308407856878152, 0.008064516129032258)
(-1, -1, 0.000537985928703540, 0.999999791611208, 0.008)
(-1, 1, 0.000542289815712949, 0.309635826847015, 0.007936507936507936)
(-1, -1, 0.000546593702712313, -0.808631284694339, 0.007874015748031496)
(1, 1, 0.000550897589701553, -0.809405388961295, 0.0078125)
(-1, -1, 0.000555201476680587, 0.308383292227624, 0.007751937984496124)
(1, 1, 0.000559505363649338, 0.999999774606684, 0.007692307692307693)
(-1, -1, 0.000563809250607725, 0.309660380988003, 0.007633587786259542)
(1, 1, 0.000568113137555668, -0.808616092154905, 0.007575757575757576)
(1, -1, 0.000572417024493087, -0.809420553447288, 0.007518796992481203)
(1, 1, 0.000576720911419903, 0.308358727371452, 0.007462686567164179)
(1, -1, 0.000581024798336037, 0.999999756935315, 0.007407407407407408)
(-1, 1, 0.000585328685241408, 0.309684934922495, 0.007352941176470588)
(1, -1, 0.000589632572135936, -0.808600899076251, 0.0072992700729927005)
(-1, 1, 0.000593936459019543, -0.809435717393525, 0.007246376811594203)
(-1, -1, 0.000598240345892148, 0.308334162309652, 0.007194244604316547)
(1, 1, 0.000602544232753671, 0.999999738597102, 0.007142857142857143)
(-1, -1, 0.000606848119604033, 0.309709488650475, 0.0070921985815602835)
(1, 1, 0.000611152006443155, -0.808585705458385, 0.007042253521126761)
(1, -1, 0.000615455893270955, -0.809450880799994, 0.006993006993006993)
(1, 1, 0.000619759780087356, 0.308309597042242, 0.006944444444444444)
(-1, -1, 0.000624063666892276, 0.999999719592045, 0.006896551724137931)
(1, 1, 0.000628367553685636, 0.309734042171927, 0.00684931506849315)
(-1, -1, 0.000632671440467357, -0.808570511301319, 0.006802721088435374)
(1, 1, 0.000636975327237358, -0.809466043666685, 0.006756756756756757)
(-1, -1, 0.000641279213995561, 0.308285031569237, 0.006711409395973154)
(-1, 1, 0.000645583100741885, 0.999999699920145, 0.006666666666666667)
(-1, -1, 0.000649886987476250, 0.309758595486836, 0.006622516556291391)
(-1, 1, 0.000654190874198578, -0.808555316605063, 0.006578947368421052)
(-1, -1, 0.000658494760908787, -0.809481205993589, 0.006535947712418301)
(1, 1, 0.000662798647606799, 0.308260465890655, 0.006493506493506494)
(-1, -1, 0.000667102534292533, 0.999999679581400, 0.0064516129032258064)
(1, 1, 0.000671406420965911, 0.309783148595183, 0.00641025641025641)
(-1, -1, 0.000675710307626852, -0.808540121369626, 0.006369426751592357)
(-1, 1, 0.000680014194275276, -0.809496367780695, 0.006329113924050633)
(1, -1, 0.000684318080911104, 0.308235900006510, 0.006289308176100629)
(-1, 1, 0.000688621967534256, 0.999999658575811, 0.00625)
(-1, -1, 0.000692925854144652, 0.309807701496953, 0.006211180124223602)
(1, 1, 0.000697229740742213, -0.808524925595019, 0.006172839506172839)
(1, -1, 0.000701533627326859, -0.809511529027993, 0.006134969325153374)
(1, 1, 0.000705837513898510, 0.308211333916821, 0.006097560975609756)
(-1, -1, 0.000710141400457087, 0.999999636903379, 0.006060606060606061)
(-1, 1, 0.000714445287002509, 0.309832254192130, 0.006024096385542169)
(1, -1, 0.000718749173534698, -0.808509729281252, 0.005988023952095809)
(1, 1, 0.000723053060053572, -0.809526689735473, 0.005952380952380952)
(1, -1, 0.000727356946559053, 0.308186767621602, 0.005917159763313609)
(1, 1, 0.000731660833051061, 0.999999614564102, 0.0058823529411764705)
(-1, -1, 0.000735964719529517, 0.309856806680697, 0.005847953216374269)
(1, 1, 0.000740268605994339, -0.808494532428334, 0.005813953488372093)
(1, -1, 0.000744572492445449, -0.809541849903124, 0.005780346820809248)
(-1, 1, 0.000748876378882767, 0.308162201120871, 0.005747126436781609)
(-1, -1, 0.000753180265306214, 0.999999591557982, 0.005714285714285714)
(-1, 1, 0.000757484151715709, 0.309881358962638, 0.005681818181818182)
(-1, -1, 0.000761788038111172, -0.808479335036277, 0.005649717514124294)
(-1, 1, 0.000766091924492525, -0.809557009530938, 0.0056179775280898875)
(1, -1, 0.000770395810859687, 0.308137634414643, 0.00558659217877095)
(-1, 1, 0.000774699697212579, 0.999999567885018, 0.005555555555555556)
(-1, -1, 0.000779003583551121, 0.309905911037936, 0.0055248618784530384)
(1, 1, 0.000783307469875232, -0.808464137105090, 0.005494505494505495)
