472.156898659144
(1, -1, 5.71133243568957e-6, -0.999999999983690, 1.0)
(1, 1, 0.0000114226648711928, 0.999999999934761, 0.5)
(-1, -1, 0.0000171339973063235, -0.999999999853213, 0.3333333333333333)
(1, 1, 0.0000228453297408953, 0.999999999739045, 0.25)
(-1, -1, 0.0000285566621747219, -0.999999999592258, 0.2)
(-1, 1, 0.0000342679946076169, 0.999999999412852, 0.16666666666666666)
(1, -1, 0.0000399793270393942, -0.999999999200827, 0.14285714285714285)
(1, 1, 0.0000456906594698674, 0.999999998956182, 0.125)
(1, -1, 0.0000514019918988502, -0.999999998678918, 0.1111111111111111)
(-1, 1, 0.0000571133243261563, 0.999999998369034, 0.1)
(1, -1, 0.0000628246567515994, -0.999999998026531, 0.09090909090909091)
(-1, 1, 0.0000685359891749931, 0.999999997651409, 0.08333333333333333)
(-1, -1, 0.0000742473215961513, -0.999999997243668, 0.07692307692307693)
(1, 1, 0.0000799586540148876, 0.999999996803307, 0.07142857142857142)
(1, -1, 0.0000856699864310157, -0.999999996330327, 0.06666666666666667)
(1, 1, 0.0000913813188443493, 0.999999995824727, 0.0625)
(-1, -1, 0.0000970926512547021, -0.999999995286509, 0.058823529411764705)
(1, 1, 0.000102803983661888, 0.999999994715670, 0.05555555555555555)
(1, -1, 0.000108515316065720, -0.999999994112213, 0.05263157894736842)
(-1, 1, 0.000114226648466013, 0.999999993476136, 0.05)
(-1, -1, 0.000119937980862579, -0.999999992807440, 0.047619047619047616)
(1, 1, 0.000125649313255234, 0.999999992106125, 0.045454545454545456)
(-1, -1, 0.000131360645643789, -0.999999991372190, 0.043478260869565216)
(-1, 1, 0.000137071978028060, 0.999999990605636, 0.041666666666666664)
(1, -1, 0.000142783310407860, -0.999999989806463, 0.04)
(-1, 1, 0.000148494642783002, 0.999999988974670, 0.038461538461538464)
(-1, -1, 0.000154205975153300, -0.999999988110259, 0.037037037037037035)
(1, 1, 0.000159917307518569, 0.999999987213227, 0.03571428571428571)
(1, -1, 0.000165628639878621, -0.999999986283577, 0.034482758620689655)
(1, 1, 0.000171339972233270, 0.999999985321307, 0.03333333333333333)
(1, -1, 0.000177051304582330, -0.999999984326418, 0.03225806451612903)
(1, 1, 0.000182762636925615, 0.999999983298909, 0.03125)
(-1, -1, 0.000188473969262938, -0.999999982238781, 0.030303030303030304)
(-1, 1, 0.000194185301594113, 0.999999981146034, 0.029411764705882353)
(-1, -1, 0.000199896633918955, -0.999999980020668, 0.02857142857142857)
(1, 1, 0.000205607966237275, 0.999999978862682, 0.027777777777777776)
(1, -1, 0.000211319298548889, -0.999999977672077, 0.02702702702702703)
(1, 1, 0.000217030630853610, 0.999999976448852, 0.02631578947368421)
(1, -1, 0.000222741963151252, -0.999999975193009, 0.02564102564102564)
(-1, 1, 0.000228453295441627, 0.999999973904546, 0.025)
(-1, -1, 0.000234164627724551, -0.999999972583463, 0.024390243902439025)
(-1, 1, 0.000239875959999837, 0.999999971229761, 0.023809523809523808)
(1, -1, 0.000245587292267298, -0.999999969843441, 0.023255813953488372)
(1, 1, 0.000251298624526747, 0.999999968424500, 0.022727272727272728)
(-1, -1, 0.000257009956778000, -0.999999966972940, 0.022222222222222223)
(-1, 1, 0.000262721289020870, 0.999999965488762, 0.021739130434782608)
(1, -1, 0.000268432621255169, -0.999999963971963, 0.02127659574468085)
(-1, 1, 0.000274143953480713, 0.999999962422546, 0.020833333333333332)
(1, -1, 0.000279855285697314, -0.999999960840509, 0.02040816326530612)
(1, 1, 0.000285566617904786, 0.999999959225852, 0.02)
(1, -1, 0.000291277950102943, -0.999999957578577, 0.0196078431372549)
(-1, 1, 0.000296989282291599, 0.999999955898682, 0.019230769230769232)
(1, -1, 0.000302700614470568, -0.999999954186168, 0.018867924528301886)
(-1, 1, 0.000308411946639662, 0.999999952441034, 0.018518518518518517)
(-1, -1, 0.000314123278798697, -0.999999950663282, 0.01818181818181818)
(1, 1, 0.000319834610947485, 0.999999948852910, 0.017857142857142856)
(-1, -1, 0.000325545943085840, -0.999999947009918, 0.017543859649122806)
(1, 1, 0.000331257275213576, 0.999999945134307, 0.017241379310344827)
(1, -1, 0.000336968607330507, -0.999999943226077, 0.01694915254237288)
(1, 1, 0.000342679939436446, 0.999999941285228, 0.016666666666666666)
(-1, -1, 0.000348391271531207, -0.999999939311759, 0.01639344262295082)
(1, 1, 0.000354102603614603, 0.999999937305671, 0.016129032258064516)
(1, -1, 0.000359813935686450, -0.999999935266964, 0.015873015873015872)
(1, 1, 0.000365525267746559, 0.999999933195637, 0.015625)
(1, -1, 0.000371236599794745, -0.999999931091691, 0.015384615384615385)
(-1, 1, 0.000376947931830821, 0.999999928955126, 0.015151515151515152)
(-1, -1, 0.000382659263854602, -0.999999926785941, 0.014925373134328358)
(-1, 1, 0.000388370595865901, 0.999999924584137, 0.014705882352941176)
(1, -1, 0.000394081927864531, -0.999999922349714, 0.014492753623188406)
(-1, 1, 0.000399793259850307, 0.999999920082671, 0.014285714285714285)
(1, -1, 0.000405504591823041, -0.999999917783010, 0.014084507042253521)
(1, 1, 0.000411215923782549, 0.999999915450728, 0.013888888888888888)
(1, -1, 0.000416927255728643, -0.999999913085828, 0.0136986301369863)
(1, 1, 0.000422638587661137, 0.999999910688308, 0.013513513513513514)
(-1, -1, 0.000428349919579844, -0.999999908258169, 0.013333333333333334)
(1, 1, 0.000434061251484579, 0.999999905795411, 0.013157894736842105)
(1, -1, 0.000439772583375156, -0.999999903300033, 0.012987012987012988)
(1, 1, 0.000445483915251387, 0.999999900772036, 0.01282051282051282)
(-1, -1, 0.000451195247113087, -0.999999898211419, 0.012658227848101266)
(-1, 1, 0.000456906578960070, 0.999999895618184, 0.0125)
(1, -1, 0.000462617910792148, -0.999999892992329, 0.012345679012345678)
(-1, 1, 0.000468329242609136, 0.999999890333854, 0.012195121951219513)
(1, -1, 0.000474040574410847, -0.999999887642761, 0.012048192771084338)
(-1, 1, 0.000479751906197096, 0.999999884919048, 0.011904761904761904)
(1, -1, 0.000485463237967695, -0.999999882162715, 0.011764705882352941)
(1, 1, 0.000491174569722459, 0.999999879373764, 0.011627906976744186)
(-1, -1, 0.000496885901461201, -0.999999876552193, 0.011494252873563218)
(1, 1, 0.000502597233183736, 0.999999873698003, 0.011363636363636364)
(-1, -1, 0.000508308564889875, -0.999999870811193, 0.011235955056179775)
(-1, 1, 0.000514019896579434, 0.999999867891764, 0.011111111111111112)
(-1, -1, 0.000519731228252226, -0.999999864939716, 0.01098901098901099)
(-1, 1, 0.000525442559908065, 0.999999861955049, 0.010869565217391304)
(-1, -1, 0.000531153891546764, -0.999999858937762, 0.010752688172043012)
(1, 1, 0.000536865223168137, 0.999999855887856, 0.010638297872340425)
(-1, -1, 0.000542576554771999, -0.999999852805330, 0.010526315789473684)
(-1, 1, 0.000548287886358161, 0.999999849690186, 0.010416666666666666)
(1, -1, 0.000553999217926439, -0.999999846542421, 0.010309278350515464)
(1, 1, 0.000559710549476646, 0.999999843362038, 0.01020408163265306)
(1, -1, 0.000565421881008595, -0.999999840149035, 0.010101010101010102)
(1, 1, 0.000571133212522101, 0.999999836903413, 0.01)
(1, -1, 0.000576844544016977, -0.999999833625172, 0.009900990099009901)
(1, 1, 0.000582555875493036, 0.999999830314312, 0.00980392156862745)
(1, -1, 0.000588267206950093, -0.999999826970832, 0.009708737864077669)
(-1, 1, 0.000593978538387961, 0.999999823594732, 0.009615384615384616)
(1, -1, 0.000599689869806454, -0.999999820186014, 0.009523809523809525)
(1, 1, 0.000605401201205386, 0.999999816744676, 0.009433962264150943)
(-1, -1, 0.000611112532584569, -0.999999813270719, 0.009345794392523364)
(-1, 1, 0.000616823863943819, 0.999999809764142, 0.009259259259259259)
(1, -1, 0.000622535195282948, -0.999999806224947, 0.009174311926605505)
(-1, 1, 0.000628246526601770, 0.999999802653131, 0.00909090909090909)
(-1, -1, 0.000633957857900100, -0.999999799048697, 0.009009009009009009)
(1, 1, 0.000639669189177750, 0.999999795411643, 0.008928571428571428)
(-1, -1, 0.000645380520434535, -0.999999791741970, 0.008849557522123894)
(-1, 1, 0.000651091851670268, 0.999999788039678, 0.008771929824561403)
(1, -1, 0.000656803182884762, -0.999999784304766, 0.008695652173913044)
(1, 1, 0.000662514514077832, 0.999999780537235, 0.008620689655172414)
(-1, -1, 0.000668225845249292, -0.999999776737085, 0.008547008547008548)
(1, 1, 0.000673937176398954, 0.999999772904315, 0.00847457627118644)
(-1, -1, 0.000679648507526633, -0.999999769038926, 0.008403361344537815)
(1, 1, 0.000685359838632142, 0.999999765140918, 0.008333333333333333)
(1, -1, 0.000691071169715296, -0.999999761210291, 0.008264462809917356)
(-1, 1, 0.000696782500775907, 0.999999757247044, 0.00819672131147541)
(1, -1, 0.000702493831813789, -0.999999753251178, 0.008130081300813009)
(1, 1, 0.000708205162828757, 0.999999749222692, 0.008064516129032258)
(-1, -1, 0.000713916493820623, -0.999999745161587, 0.008)
(1, 1, 0.000719627824789202, 0.999999741067863, 0.007936507936507936)
(-1, -1, 0.000725339155734307, -0.999999736941520, 0.007874015748031496)
(1, 1, 0.000731050486655752, 0.999999732782557, 0.0078125)
(-1, -1, 0.000736761817553351, -0.999999728590975, 0.007751937984496124)
(1, 1, 0.000742473148426917, 0.999999724366774, 0.007692307692307693)
(-1, -1, 0.000748184479276264, -0.999999720109953, 0.007633587786259542)
(-1, 1, 0.000753895810101206, 0.999999715820513, 0.007575757575757576)
(1, -1, 0.000759607140901556, -0.999999711498454, 0.007518796992481203)
(-1, 1, 0.000765318471677129, 0.999999707143776, 0.007462686567164179)
(1, -1, 0.000771029802427737, -0.999999702756478, 0.007407407407407408)
(-1, 1, 0.000776741133153195, 0.999999698336561, 0.007352941176470588)
(1, -1, 0.000782452463853316, -0.999999693884024, 0.0072992700729927005)
(1, 1, 0.000788163794527914, 0.999999689398868, 0.007246376811594203)
(1, -1, 0.000793875125176802, -0.999999684881093, 0.007194244604316547)
(-1, 1, 0.000799586455799795, 0.999999680330699, 0.007142857142857143)
(-1, -1, 0.000805297786396706, -0.999999675747685, 0.0070921985815602835)
(1, 1, 0.000811009116967349, 0.999999671132052, 0.007042253521126761)
(-1, -1, 0.000816720447511537, -0.999999666483800, 0.006993006993006993)
(1, 1, 0.000822431778029084, 0.999999661802928, 0.006944444444444444)
(-1, -1, 0.000828143108519804, -0.999999657089437, 0.006896551724137931)
(1, 1, 0.000833854438983511, 0.999999652343327, 0.00684931506849315)
(-1, -1, 0.000839565769420018, -0.999999647564597, 0.006802721088435374)
(1, 1, 0.000845277099829138, 0.999999642753248, 0.006756756756756757)
(1, -1, 0.000850988430210687, -0.999999637909280, 0.006711409395973154)
(-1, 1, 0.000856699760564477, 0.999999633032693, 0.006666666666666667)
(-1, -1, 0.000862411090890322, -0.999999628123486, 0.006622516556291391)
(1, 1, 0.000868122421188035, 0.999999623181660, 0.006578947368421052)
(-1, -1, 0.000873833751457431, -0.999999618207215, 0.006535947712418301)
(1, 1, 0.000879545081698323, 0.999999613200150, 0.006493506493506494)
(-1, -1, 0.000885256411910525, -0.999999608160466, 0.0064516129032258064)
(1, 1, 0.000890967742093851, 0.999999603088162, 0.00641025641025641)
(-1, -1, 0.000896679072248113, -0.999999597983240, 0.006369426751592357)
(-1, 1, 0.000902390402373127, 0.999999592845698, 0.006329113924050633)
(-1, -1, 0.000908101732468705, -0.999999587675537, 0.006289308176100629)
(-1, 1, 0.000913813062534662, 0.999999582472756, 0.00625)
(-1, -1, 0.000919524392570811, -0.999999577237356, 0.006211180124223602)
(1, 1, 0.000925235722576965, 0.999999571969337, 0.006172839506172839)
(1, -1, 0.000930947052552939, -0.999999566668699, 0.006134969325153374)
(-1, 1, 0.000936658382498546, 0.999999561335441, 0.006097560975609756)
(1, -1, 0.000942369712413600, -0.999999555969564, 0.006060606060606061)
(1, 1, 0.000948081042297914, 0.999999550571068, 0.006024096385542169)
(-1, -1, 0.000953792372151303, -0.999999545139952, 0.005988023952095809)
(-1, 1, 0.000959503701973580, 0.999999539676217, 0.005952380952380952)
(1, -1, 0.000965215031764558, -0.999999534179863, 0.005917159763313609)
(1, 1, 0.000970926361524051, 0.999999528650889, 0.0058823529411764705)
(1, -1, 0.000976637691251874, -0.999999523089296, 0.005847953216374269)
(1, 1, 0.000982349020947840, 0.999999517495084, 0.005813953488372093)
(1, -1, 0.000988060350611761, -0.999999511868253, 0.005780346820809248)
(-1, 1, 0.000993771680243453, 0.999999506208802, 0.005747126436781609)
