532.009625804945
(1, -1, 4.49853535728643e-6, 0.998027061723350, 1.0)
(1, 1, 8.99707071448183e-6, 0.992116031864286, 0.5)
(-1, -1, 0.0000134956060714952, 0.982290234616935, 0.3333333333333333)
(1, 1, 0.0000179941414282354, 0.968588441364273, 0.25)
(1, -1, 0.0000224926767846115, 0.951064717691033, 0.2)
(-1, 1, 0.0000269912121405323, 0.929788210047586, 0.16666666666666666)
(-1, -1, 0.0000314897474959070, 0.904842872906576, 0.14285714285714285)
(1, 1, 0.0000359882828506445, 0.876327137488942, 0.125)
(1, -1, 0.0000404868182046536, 0.844353523366471, 0.1111111111111111)
(1, 1, 0.0000449853535578434, 0.809048194473450, 0.1)
(1, -1, 0.0000494838889101229, 0.770550461279367, 0.09090909090909091)
(-1, 1, 0.0000539824242614009, 0.729012231086986, 0.08333333333333333)
(1, -1, 0.0000584809596115865, 0.684597408624890, 0.07692307692307693)
(-1, 1, 0.0000629794949605887, 0.637481249299651, 0.07142857142857142)
(-1, -1, 0.0000674780303083163, 0.587849667659631, 0.06666666666666667)
(1, 1, 0.0000719765656546784, 0.535898503799128, 0.0625)
(1, -1, 0.0000764751009995840, 0.481832750597534, 0.058823529411764705)
(1, 1, 0.0000809736363429419, 0.425865744842746, 0.05555555555555555)
(1, -1, 0.0000854721716846612, 0.368218325430529, 0.05263157894736842)
(1, 1, 0.0000899707070246507, 0.309117961961499, 0.05)
(1, -1, 0.0000944692423628196, 0.248797857174162, 0.047619047619047616)
(1, 1, 0.0000989677776990767, 0.187496026755690, 0.045454545454545456)
(1, -1, 0.000103466313033331, 0.125454360161405, 0.043478260869565216)
(-1, 1, 0.000107964848365492, 0.0629176661488507, 0.041666666666666664)
(1, -1, 0.000112463383695467, 0.000132706792650881, 0.04)
(1, 1, 0.000116961919023167, -0.0626527762081706, 0.038461538461538464)
(-1, -1, 0.000121460454348500, -0.125191039088353, 0.037037037037037035)
(-1, 1, 0.000125958989671374, -0.187235313582713, 0.03571428571428571)
(-1, -1, 0.000130457524991700, -0.248540780643258, 0.034482758620689655)
(-1, 1, 0.000134956060309386, -0.308865536464923, 0.03333333333333333)
(1, -1, 0.000139454595624341, -0.367971547008129, 0.03225806451612903)
(1, 1, 0.000143953130936473, -0.425625587251713, 0.03125)
(-1, -1, 0.000148451666245693, -0.481600161470076, 0.030303030303030304)
(1, 1, 0.000152950201551908, -0.535674400903229, 0.029411764705882353)
(-1, -1, 0.000157448736855028, -0.587634935277654, 0.02857142857142857)
(1, 1, 0.000161947272154962, -0.637276734739067, 0.027777777777777776)
(1, -1, 0.000166445807451618, -0.684403918874908, 0.02702702702702703)
(1, 1, 0.000170944342744906, -0.728830529634275, 0.02631578947368421)
(-1, -1, 0.000175442878034735, -0.770381265095428, 0.02564102564102564)
(1, 1, 0.000179941413321013, -0.808892171185538, 0.025)
(-1, -1, 0.000184439948603650, -0.844211288623219, 0.024390243902439025)
(1, 1, 0.000188938483882554, -0.876199252531090, 0.023809523809523808)
(1, -1, 0.000193437019157635, -0.904729842352380, 0.023255813953488372)
(1, 1, 0.000197935554428802, -0.929690479901659, 0.022727272727272728)
(1, -1, 0.000202434089695962, -0.950982673584468, 0.022222222222222223)
(1, 1, 0.000206932624959026, -0.968522407032985, 0.021739130434782608)
(1, -1, 0.000211431160217903, -0.982240470624244, 0.02127659574468085)
(-1, 1, 0.000215929695472501, -0.992082734572764, 0.020833333333333332)
(1, -1, 0.000220428230722729, -0.998010362519998, 0.02040816326530612)
(1, 1, 0.000224926765968496, -0.999999964777814, 0.02)
(-1, -1, 0.000229425301209711, -0.998043690621312, 0.0196078431372549)
(1, 1, 0.000233923836446284, -0.992149259266818, 0.019230769230769232)
(-1, -1, 0.000238422371678123, -0.982339929412808, 0.018867924528301886)
(-1, 1, 0.000242920906905137, -0.968654407463957, 0.018518518518518517)
(1, -1, 0.000247419442127235, -0.951146694800443, 0.01818181818181818)
(-1, 1, 0.000251917977344325, -0.929885874695166, 0.017857142857142856)
(-1, -1, 0.000256416512556318, -0.904955839719684, 0.017543859649122806)
(-1, 1, 0.000260915047763122, -0.876454960714480, 0.017241379310344827)
(-1, -1, 0.000265413582964646, -0.844495698629769, 0.01694915254237288)
(-1, 1, 0.000269912118160799, -0.809204160768471, 0.016666666666666666)
(-1, -1, 0.000274410653351489, -0.770719603182363, 0.01639344262295082)
(1, 1, 0.000278909188536626, -0.729193881184889, 0.016129032258064516)
(-1, -1, 0.000283407723716119, -0.684790850148838, 0.015873015873015872)
(1, 1, 0.000287906258889877, -0.637685718953269, 0.015625)
(1, -1, 0.000292404794057809, -0.588064358630908, 0.015384615384615385)
(-1, 1, 0.000296903329219823, -0.536122568943993, 0.015151515151515152)
(1, -1, 0.000301401864375828, -0.482065305782587, 0.014925373134328358)
(1, 1, 0.000305900399525735, -0.426105872433934, 0.014705882352941176)
(-1, -1, 0.000310398934669451, -0.368465077914020, 0.014492753623188406)
(-1, 1, 0.000314897469806885, -0.309370365682455, 0.014285714285714285)
(-1, -1, 0.000319396004937947, -0.249054916178658, 0.014084507042253521)
(1, 1, 0.000323894540062545, -0.187756726720627, 0.013888888888888888)
(1, -1, 0.000328393075180589, -0.125717672396904, 0.0136986301369863)
(1, 1, 0.000332891610291987, -0.0631825516573355, 0.013513513513513514)
(-1, -1, 0.000337390145396648, -0.000398120368604295, 0.013333333333333334)
(1, 1, 0.000341888680494482, 0.0623878818539549, 0.013157894736842105)
(-1, -1, 0.000346387215585397, 0.124927709196297, 0.012987012987012988)
(-1, 1, 0.000350885750669302, 0.186974587220063, 0.01282051282051282)
(1, -1, 0.000355384285746106, 0.248283686604054, 0.012658227848101266)
(1, 1, 0.000359882820815719, 0.308613089210508, 0.0125)
(1, -1, 0.000364381355878048, 0.367724742664204, 0.012345679012345678)
(-1, 1, 0.000368879890933004, 0.425385399677753, 0.012195121951219513)
(1, -1, 0.000373378425980495, 0.481367538416597, 0.012048192771084338)
(1, 1, 0.000377876961020430, 0.535450260272083, 0.011904761904761904)
(1, -1, 0.000382375496052717, 0.587420161500103, 0.011764705882352941)
(1, 1, 0.000386874031077267, 0.637072175285924, 0.011627906976744186)
(1, -1, 0.000391372566093988, 0.684210380912523, 0.011494252873563218)
(1, 1, 0.000395871101102788, 0.728648776839555, 0.011363636363636364)
(-1, -1, 0.000400369636103577, 0.770212014642464, 0.011235955056179775)
(1, 1, 0.000404868171096264, 0.808736090915726, 0.011111111111111112)
(-1, -1, 0.000409366706080758, 0.844068994410035, 0.01098901098901099)
(1, 1, 0.000413865241056968, 0.876071305849933, 0.010869565217391304)
(-1, -1, 0.000418363776024802, 0.904616748065059, 0.010752688172043012)
(1, 1, 0.000422862310984170, 0.929592684264272, 0.010638297872340425)
(1, -1, 0.000427360845934980, 0.950900562486526, 0.010526315789473684)
(-1, 1, 0.000431859380877142, 0.968456304474745, 0.010416666666666666)
(-1, -1, 0.000436357915810565, 0.982190637438240, 0.010309278350515464)
(1, 1, 0.000440856450735157, 0.992049367394597, 0.01020408163265306)
(1, -1, 0.000445354985650828, 0.997993593012434, 0.010101010101010102)
(1, 1, 0.000449853520557486, 0.999999859111260, 0.01)
(1, -1, 0.000454352055455040, 0.998060249212714, 0.009900990099009901)
(-1, 1, 0.000458850590343400, 0.992182416778019, 0.00980392156862745)
(-1, -1, 0.000463349125222474, 0.982389555008362, 0.009708737864077669)
(1, 1, 0.000467847660092171, 0.968720305327391, 0.009615384615384616)
(1, -1, 0.000472346194952401, 0.951228604906921, 0.009523809523809525)
(-1, 1, 0.000476844729803072, 0.929983473837521, 0.009433962264150943)
(1, -1, 0.000481343264644093, 0.905068742783748, 0.009345794392523364)
(-1, 1, 0.000485841799475373, 0.876582722198699, 0.009259259259259259)
(1, -1, 0.000490340334296821, 0.844637814403098, 0.009174311926605505)
(1, 1, 0.000494838869108346, 0.809360070059613, 0.00909090909090909)
(-1, -1, 0.000499337403909857, 0.770888690792502, 0.009009009009009009)
(-1, 1, 0.000503835938701264, 0.729375479915188, 0.008928571428571428)
(-1, -1, 0.000508334473482474, 0.684984243433124, 0.008849557522123894)
(-1, 1, 0.000512833008253398, 0.637890143685518, 0.008771929824561403)
(1, -1, 0.000517331543013943, 0.588279008176361, 0.008695652173913044)
(-1, 1, 0.000521830077764018, 0.536346596322042, 0.008620689655172414)
(1, -1, 0.000526328612503534, 0.482297827008853, 0.008547008547008548)
(-1, 1, 0.000530827147232399, 0.426345970008362, 0.00847457627118644)
(-1, -1, 0.000535325681950521, 0.368711804441221, 0.008403361344537815)
(-1, 1, 0.000539824216657810, 0.309622747610010, 0.008333333333333333)
(1, -1, 0.000544322751354175, 0.249311957638637, 0.008264462809917356)
(-1, 1, 0.000548821286039524, 0.188017413459159, 0.00819672131147541)
(1, -1, 0.000553319820713767, 0.125980975776301, 0.008130081300813009)
(1, 1, 0.000557818355376813, 0.0634474327149653, 0.008064516129032258)
(1, -1, 0.000562316890028570, 0.000663533916512370, 0.008)
(-1, 1, 0.000566815424668947, -0.0621229831048643, 0.007936507936507936)
(-1, -1, 0.000571313959297854, -0.124664370503786, 0.007874015748031496)
(1, 1, 0.000575812493915200, -0.186713847686105, 0.0078125)
(-1, -1, 0.000580311028520893, -0.248026575074663, 0.007751937984496124)
(1, 1, 0.000584809563114842, -0.308360620216038, 0.007692307692307693)
(-1, -1, 0.000589308097696956, -0.367477912416142, 0.007633587786259542)
(-1, 1, 0.000593806632267145, -0.425145182137787, 0.007575757575757576)
(-1, -1, 0.000598305166825317, -0.481134881453485, 0.007518796992481203)
(1, 1, 0.000602803701371381, -0.535226081921481, 0.007462686567164179)
(-1, -1, 0.000607302235905247, -0.587205346342109, 0.007407407407407408)
(1, 1, 0.000611800770426822, -0.636867570954632, 0.007352941176470588)
(-1, -1, 0.000616299304936017, -0.684016794751368, 0.0072992700729927005)
(-1, 1, 0.000620797839432739, -0.728466972715630, 0.007246376811594203)
(1, -1, 0.000625296373916899, -0.770042709932400, 0.007194244604316547)
(-1, 1, 0.000629794908388405, -0.808579953675008, 0.007142857142857143)
(-1, -1, 0.000634293442847165, -0.843926640736941, 0.0070921985815602835)
(-1, 1, 0.000638791977293090, -0.875943297454484, 0.007042253521126761)
(1, -1, 0.000643290511726087, -0.904503590052580, 0.006993006993006993)
(1, 1, 0.000647789046146067, -0.929494823142312, 0.006944444444444444)
(-1, -1, 0.000652287580552937, -0.950818384402992, 0.006896551724137931)
(1, 1, 0.000656786114946607, -0.968390133694209, 0.00684931506849315)
(-1, -1, 0.000661284649326985, -0.982140735062435, 0.006802721088435374)
(1, 1, 0.000665783183693981, -0.992015930332136, 0.006756756756756757)
(1, -1, 0.000670281718047504, -0.997976753201839, 0.006711409395973154)
(-1, 1, 0.000674780252387463, -0.999999683000344, 0.006666666666666667)
(1, -1, 0.000679278786713766, -0.998076737496390, 0.006622516556291391)
(1, 1, 0.000683777321026323, -0.992215504395554, 0.006578947368421052)
(1, -1, 0.000688275855325042, -0.982439111400102, 0.006535947712418301)
(-1, 1, 0.000692774389609833, -0.968786134949931, 0.006493506493506494)
(1, -1, 0.000697272923880604, -0.951310448004699, 0.0064516129032258064)
(-1, 1, 0.000701771458137265, -0.930081007467774, 0.00641025641025641)
(-1, -1, 0.000706269992379724, -0.905181582090813, 0.006369426751592357)
(1, 1, 0.000710768526607890, -0.876710421932599, 0.006329113924050633)
(1, -1, 0.000715267060821673, -0.844779870676448, 0.006289308176100629)
(1, 1, 0.000719765595020981, -0.809515922335894, 0.00625)
(-1, -1, 0.000724264129205723, -0.771057724097871, 0.006211180124223602)
(1, 1, 0.000728762663375808, -0.729557027265090, 0.006172839506172839)
(1, -1, 0.000733261197531146, -0.685177588464127, 0.006134969325153374)
(-1, 1, 0.000737759731671644, -0.638094523481996, 0.006097560975609756)
(-1, -1, 0.000742258265797213, -0.588493616280869, 0.006060606060606061)
(1, 1, 0.000746756799907761, -0.536570585917491, 0.006024096385542169)
(-1, -1, 0.000751255334003196, -0.482530314259951, 0.005988023952095809)
(1, 1, 0.000755753868083429, -0.426586037549116, 0.005952380952380952)
(1, -1, 0.000760252402148368, -0.368958504994751, 0.005917159763313609)
(1, 1, 0.000764750936197922, -0.309875107726386, 0.0058823529411764705)
(1, -1, 0.000769249470231999, -0.249568981535991, 0.005847953216374269)
(1, 1, 0.000773748004250509, -0.188278086952923, 0.005813953488372093)
(-1, -1, 0.000778246538253361, -0.126244270281047, 0.005780346820809248)
(1, 1, 0.000782745072240464, -0.0637123093030802, 0.005747126436781609)
(-1, -1, 0.000787243606211727, -0.000928947417677994, 0.005714285714285714)
(1, 1, 0.000791742140167058, 0.0618580799795590, 0.005681818181818182)
(1, -1, 0.000796240674106367, 0.124401023029373, 0.005649717514124294)
(-1, 1, 0.000800739208029563, 0.186453094999208, 0.0056179775280898875)
(-1, -1, 0.000805237741936554, 0.247769446073195, 0.00558659217877095)
(1, 1, 0.000809736275827250, 0.308108129499298, 0.005555555555555556)
(-1, -1, 0.000814234809701559, 0.367231056281329, 0.0055248618784530384)
