540.174409071566
(1, -1, 4.36357161113317e-6, 0.999999999047962, 1.0)
(1, 1, 8.72714322218325e-6, 0.999999996191849, 0.5)
(-1, -1, 0.0000130907148330672, 0.999999991431659, 0.3333333333333333)
(1, 1, 0.0000174542864437018, 0.999999984767394, 0.25)
(1, -1, 0.0000218178580540041, 0.999999976199054, 0.2)
(-1, 1, 0.0000261814296638910, 0.999999965726637, 0.16666666666666666)
(-1, -1, 0.0000305450012732794, 0.999999953350145, 0.14285714285714285)
(1, 1, 0.0000349085728820861, 0.999999939069578, 0.125)
(1, -1, 0.0000392721444902282, 0.999999922884934, 0.1111111111111111)
(1, 1, 0.0000436357160976225, 0.999999904796215, 0.1)
(-1, -1, 0.0000479992877041860, 0.999999884803421, 0.09090909090909091)
(-1, 1, 0.0000523628593098355, 0.999999862906551, 0.08333333333333333)
(-1, -1, 0.0000567264309144880, 0.999999839105606, 0.07692307692307693)
(-1, 1, 0.0000610900025180603, 0.999999813400585, 0.07142857142857142)
(-1, -1, 0.0000654535741204695, 0.999999785791489, 0.06666666666666667)
(1, 1, 0.0000698171457216324, 0.999999756278318, 0.0625)
(1, -1, 0.0000741807173214659, 0.999999724861071, 0.058823529411764705)
(1, 1, 0.0000785442889198869, 0.999999691539749, 0.05555555555555555)
(-1, -1, 0.0000829078605168125, 0.999999656314352, 0.05263157894736842)
(1, 1, 0.0000872714321121593, 0.999999619184880, 0.05)
(1, -1, 0.0000916350037058445, 0.999999580151333, 0.047619047619047616)
(-1, 1, 0.0000959985752977849, 0.999999539213711, 0.045454545454545456)
(-1, -1, 0.000100362146887897, 0.999999496372014, 0.043478260869565216)
(-1, 1, 0.000104725718476099, 0.999999451626243, 0.041666666666666664)
(1, -1, 0.000109089290062306, 0.999999404976396, 0.04)
(-1, 1, 0.000113452861646437, 0.999999356422476, 0.038461538461538464)
(-1, -1, 0.000117816433228407, 0.999999305964480, 0.037037037037037035)
(-1, 1, 0.000122180004808133, 0.999999253602410, 0.03571428571428571)
(1, -1, 0.000126543576385534, 0.999999199336266, 0.034482758620689655)
(-1, 1, 0.000130907147960525, 0.999999143166048, 0.03333333333333333)
(1, -1, 0.000135270719533023, 0.999999085091756, 0.03225806451612903)
(1, 1, 0.000139634291102946, 0.999999025113389, 0.03125)
(1, -1, 0.000143997862670210, 0.999998963230949, 0.030303030303030304)
(1, 1, 0.000148361434234732, 0.999998899444435, 0.029411764705882353)
(-1, -1, 0.000152725005796429, 0.999998833753848, 0.02857142857142857)
(1, 1, 0.000157088577355218, 0.999998766159187, 0.027777777777777776)
(-1, -1, 0.000161452148911016, 0.999998696660452, 0.02702702702702703)
(-1, 1, 0.000165815720463740, 0.999998625257645, 0.02631578947368421)
(1, -1, 0.000170179292013307, 0.999998551950764, 0.02564102564102564)
(1, 1, 0.000174542863559633, 0.999998476739810, 0.025)
(1, -1, 0.000178906435102636, 0.999998399624784, 0.024390243902439025)
(1, 1, 0.000183270006642232, 0.999998320605684, 0.023809523809523808)
(-1, -1, 0.000187633578178339, 0.999998239682513, 0.023255813953488372)
(-1, 1, 0.000191997149710873, 0.999998156855269, 0.022727272727272728)
(1, -1, 0.000196360721239751, 0.999998072123952, 0.022222222222222223)
(-1, 1, 0.000200724292764891, 0.999997985488564, 0.021739130434782608)
(1, -1, 0.000205087864286208, 0.999997896949104, 0.02127659574468085)
(-1, 1, 0.000209451435803621, 0.999997806505572, 0.020833333333333332)
(1, -1, 0.000213815007317045, 0.999997714157968, 0.02040816326530612)
(1, 1, 0.000218178578826398, 0.999997619906293, 0.02)
(-1, -1, 0.000222542150331597, 0.999997523750547, 0.0196078431372549)
(-1, 1, 0.000226905721832559, 0.999997425690730, 0.019230769230769232)
(1, -1, 0.000231269293329200, 0.999997325726842, 0.018867924528301886)
(-1, 1, 0.000235632864821437, 0.999997223858884, 0.018518518518518517)
(-1, -1, 0.000239996436309188, 0.999997120086855, 0.01818181818181818)
(-1, 1, 0.000244360007792370, 0.999997014410756, 0.017857142857142856)
(1, -1, 0.000248723579270898, 0.999996906830587, 0.017543859649122806)
(1, 1, 0.000253087150744690, 0.999996797346347, 0.017241379310344827)
(-1, -1, 0.000257450722213664, 0.999996685958039, 0.01694915254237288)
(-1, 1, 0.000261814293677735, 0.999996572665661, 0.016666666666666666)
(-1, -1, 0.000266177865136822, 0.999996457469214, 0.01639344262295082)
(1, 1, 0.000270541436590840, 0.999996340368697, 0.016129032258064516)
(-1, -1, 0.000274905008039707, 0.999996221364112, 0.015873015873015872)
(1, 1, 0.000279268579483339, 0.999996100455459, 0.015625)
(-1, -1, 0.000283632150921654, 0.999995977642737, 0.015384615384615385)
(1, 1, 0.000287995722354568, 0.999995852925947, 0.015151515151515152)
(1, -1, 0.000292359293781999, 0.999995726305089, 0.014925373134328358)
(1, 1, 0.000296722865203863, 0.999995597780164, 0.014705882352941176)
(1, -1, 0.000301086436620077, 0.999995467351171, 0.014492753623188406)
(-1, 1, 0.000305450008030558, 0.999995335018112, 0.014285714285714285)
(-1, -1, 0.000309813579435223, 0.999995200780985, 0.014084507042253521)
(1, 1, 0.000314177150833989, 0.999995064639792, 0.013888888888888888)
(-1, -1, 0.000318540722226773, 0.999994926594532, 0.0136986301369863)
(-1, 1, 0.000322904293613492, 0.999994786645207, 0.013513513513513514)
(-1, -1, 0.000327267864994062, 0.999994644791816, 0.013333333333333334)
(-1, 1, 0.000331631436368401, 0.999994501034359, 0.013157894736842105)
(1, -1, 0.000335995007736426, 0.999994355372837, 0.012987012987012988)
(1, 1, 0.000340358579098052, 0.999994207807250, 0.01282051282051282)
(-1, -1, 0.000344722150453198, 0.999994058337598, 0.012658227848101266)
(1, 1, 0.000349085721801781, 0.999993906963882, 0.0125)
(1, -1, 0.000353449293143716, 0.999993753686101, 0.012345679012345678)
(1, 1, 0.000357812864478922, 0.999993598504257, 0.012195121951219513)
(-1, -1, 0.000362176435807314, 0.999993441418350, 0.012048192771084338)
(1, 1, 0.000366540007128811, 0.999993282428379, 0.011904761904761904)
(1, -1, 0.000370903578443328, 0.999993121534345, 0.011764705882352941)
(-1, 1, 0.000375267149750783, 0.999992958736249, 0.011627906976744186)
(-1, -1, 0.000379630721051092, 0.999992794034090, 0.011494252873563218)
(-1, 1, 0.000383994292344173, 0.999992627427869, 0.011363636363636364)
(-1, -1, 0.000388357863629943, 0.999992458917587, 0.011235955056179775)
(1, 1, 0.000392721434908318, 0.999992288503243, 0.011111111111111112)
(1, -1, 0.000397085006179215, 0.999992116184838, 0.01098901098901099)
(-1, 1, 0.000401448577442552, 0.999991941962373, 0.010869565217391304)
(-1, -1, 0.000405812148698244, 0.999991765835847, 0.010752688172043012)
(1, 1, 0.000410175719946210, 0.999991587805261, 0.010638297872340425)
(-1, -1, 0.000414539291186365, 0.999991407870615, 0.010526315789473684)
(-1, 1, 0.000418902862418627, 0.999991226031910, 0.010416666666666666)
(1, -1, 0.000423266433642913, 0.999991042289146, 0.010309278350515464)
(1, 1, 0.000427630004859140, 0.999990856642323, 0.01020408163265306)
(-1, -1, 0.000431993576067225, 0.999990669091442, 0.010101010101010102)
(1, 1, 0.000436357147267084, 0.999990479636503, 0.01)
(1, -1, 0.000440720718458634, 0.999990288277507, 0.009900990099009901)
(-1, 1, 0.000445084289641793, 0.999990095014453, 0.00980392156862745)
(-1, -1, 0.000449447860816477, 0.999989899847343, 0.009708737864077669)
(-1, 1, 0.000453811431982603, 0.999989702776175, 0.009615384615384616)
(1, -1, 0.000458175003140088, 0.999989503800952, 0.009523809523809525)
(1, 1, 0.000462538574288849, 0.999989302921673, 0.009433962264150943)
(1, -1, 0.000466902145428803, 0.999989100138339, 0.009345794392523364)
(-1, 1, 0.000471265716559867, 0.999988895450950, 0.009259259259259259)
(-1, -1, 0.000475629287681958, 0.999988688859506, 0.009174311926605505)
(-1, 1, 0.000479992858794992, 0.999988480364008, 0.00909090909090909)
(1, -1, 0.000484356429898887, 0.999988269964456, 0.009009009009009009)
(-1, 1, 0.000488720000993560, 0.999988057660851, 0.008928571428571428)
(1, -1, 0.000493083572078926, 0.999987843453192, 0.008849557522123894)
(1, 1, 0.000497447143154905, 0.999987627341482, 0.008771929824561403)
(-1, -1, 0.000501810714221411, 0.999987409325719, 0.008695652173913044)
(1, 1, 0.000506174285278363, 0.999987189405904, 0.008620689655172414)
(-1, -1, 0.000510537856325676, 0.999986967582038, 0.008547008547008548)
(-1, 1, 0.000514901427363269, 0.999986743854121, 0.00847457627118644)
(-1, -1, 0.000519264998391057, 0.999986518222154, 0.008403361344537815)
(-1, 1, 0.000523628569408958, 0.999986290686136, 0.008333333333333333)
(1, -1, 0.000527992140416889, 0.999986061246069, 0.008264462809917356)
(-1, 1, 0.000532355711414767, 0.999985829901953, 0.00819672131147541)
(-1, -1, 0.000536719282402508, 0.999985596653788, 0.008130081300813009)
(1, 1, 0.000541082853380029, 0.999985361501575, 0.008064516129032258)
(1, -1, 0.000545446424347248, 0.999985124445314, 0.008)
(-1, 1, 0.000549809995304082, 0.999984885485005, 0.007936507936507936)
(1, -1, 0.000554173566250446, 0.999984644620650, 0.007874015748031496)
(1, 1, 0.000558537137186259, 0.999984401852248, 0.0078125)
(1, -1, 0.000562900708111436, 0.999984157179800, 0.007751937984496124)
(-1, 1, 0.000567264279025896, 0.999983910603306, 0.007692307692307693)
(-1, -1, 0.000571627849929554, 0.999983662122768, 0.007633587786259542)
(1, 1, 0.000575991420822328, 0.999983411738184, 0.007575757575757576)
(1, -1, 0.000580354991704135, 0.999983159449557, 0.007518796992481203)
(1, 1, 0.000584718562574892, 0.999982905256886, 0.007462686567164179)
(-1, -1, 0.000589082133434515, 0.999982649160172, 0.007407407407407408)
(1, 1, 0.000593445704282921, 0.999982391159415, 0.007352941176470588)
(-1, -1, 0.000597809275120028, 0.999982131254616, 0.0072992700729927005)
(1, 1, 0.000602172845945752, 0.999981869445775, 0.007246376811594203)
(-1, -1, 0.000606536416760010, 0.999981605732893, 0.007194244604316547)
(-1, 1, 0.000610899987562719, 0.999981340115971, 0.007142857142857143)
(-1, -1, 0.000615263558353796, 0.999981072595008, 0.0070921985815602835)
(-1, 1, 0.000619627129133158, 0.999980803170005, 0.007042253521126761)
(1, -1, 0.000623990699900722, 0.999980531840964, 0.006993006993006993)
(1, 1, 0.000628354270656405, 0.999980258607883, 0.006944444444444444)
(1, -1, 0.000632717841400124, 0.999979983470765, 0.006896551724137931)
(-1, 1, 0.000637081412131795, 0.999979706429609, 0.00684931506849315)
(-1, -1, 0.000641444982851335, 0.999979427484416, 0.006802721088435374)
(-1, 1, 0.000645808553558662, 0.999979146635186, 0.006756756756756757)
(1, -1, 0.000650172124253692, 0.999978863881920, 0.006711409395973154)
(-1, 1, 0.000654535694936343, 0.999978579224619, 0.006666666666666667)
(1, -1, 0.000658899265606530, 0.999978292663283, 0.006622516556291391)
(-1, 1, 0.000663262836264172, 0.999978004197912, 0.006578947368421052)
(1, -1, 0.000667626406909184, 0.999977713828508, 0.006535947712418301)
(1, 1, 0.000671989977541485, 0.999977421555070, 0.006493506493506494)
(1, -1, 0.000676353548160990, 0.999977127377600, 0.0064516129032258064)
(1, 1, 0.000680717118767617, 0.999976831296098, 0.00641025641025641)
(-1, -1, 0.000685080689361283, 0.999976533310563, 0.006369426751592357)
(-1, 1, 0.000689444259941904, 0.999976233420998, 0.006329113924050633)
(-1, -1, 0.000693807830509398, 0.999975931627403, 0.006289308176100629)
(1, 1, 0.000698171401063681, 0.999975627929777, 0.00625)
(1, -1, 0.000702534971604670, 0.999975322328122, 0.006211180124223602)
(1, 1, 0.000706898542132282, 0.999975014822439, 0.006172839506172839)
(-1, -1, 0.000711262112646435, 0.999974705412727, 0.006134969325153374)
(1, 1, 0.000715625683147045, 0.999974394098988, 0.006097560975609756)
(1, -1, 0.000719989253634028, 0.999974080881221, 0.006060606060606061)
(-1, 1, 0.000724352824107303, 0.999973765759429, 0.006024096385542169)
(-1, -1, 0.000728716394566785, 0.999973448733610, 0.005988023952095809)
(1, 1, 0.000733079965012392, 0.999973129803767, 0.005952380952380952)
(1, -1, 0.000737443535444040, 0.999972808969899, 0.005917159763313609)
(1, 1, 0.000741807105861647, 0.999972486232007, 0.0058823529411764705)
(-1, -1, 0.000746170676265130, 0.999972161590091, 0.005847953216374269)
(-1, 1, 0.000750534246654405, 0.999971835044153, 0.005813953488372093)
(1, -1, 0.000754897817029389, 0.999971506594193, 0.005780346820809248)
(-1, 1, 0.000759261387389999, 0.999971176240211, 0.005747126436781609)
(-1, -1, 0.000763624957736152, 0.999970843982209, 0.005714285714285714)
(-1, 1, 0.000767988528067766, 0.999970509820186, 0.005681818181818182)
(1, -1, 0.000772352098384756, 0.999970173754144, 0.005649717514124294)
(-1, 1, 0.000776715668687040, 0.999969835784083, 0.0056179775280898875)
(1, -1, 0.000781079238974535, 0.999969495910003, 0.00558659217877095)
(1, 1, 0.000785442809247157, 0.999969154131906, 0.005555555555555556)
(1, -1, 0.000789806379504824, 0.999968810449792, 0.0055248618784530384)
