456.801636855121
(1, -1, 6.10175570306564e-6, 0.809022015476250, 1.0)
(-1, 1, 0.0000122035114059041, 0.309033243050509, 0.5)
(-1, -1, 0.0000183052671082882, -0.308992621192481, 0.3333333333333333)
(1, 1, 0.0000244070228099908, -0.808996909379370, 0.25)
(-1, -1, 0.0000305087785107847, -0.999999999087830, 0.2)
(1, 1, 0.0000366105342104427, -0.809047120097200, 0.16666666666666666)
(1, -1, 0.0000427122899087376, -0.309073864344755, 0.14285714285714285)
(-1, 1, 0.0000488140456054423, 0.308951998770746, 0.125)
(1, -1, 0.0000549158013003295, 0.808971801806605, 0.1111111111111111)
(1, 1, 0.0000610175569931722, 0.999999996351321, 0.1)
(-1, -1, 0.0000671193126837431, 0.809072223242172, 0.09090909090909091)
(-1, 1, 0.0000732210683718151, 0.309114485075145, 0.08333333333333333)
(-1, -1, 0.0000793228240571609, -0.308911375785378, 0.07692307692307693)
(-1, 1, 0.0000854245797395535, -0.808946692758000, 0.07142857142857142)
(1, -1, 0.0000915263354187655, -0.999999991790471, 0.06666666666666667)
(1, 1, 0.0000976280910945699, -0.809097324911122, 0.0625)
(-1, -1, 0.000103729846766739, -0.309155105241606, 0.058823529411764705)
(-1, 1, 0.000109831602435047, 0.308870752236449, 0.05555555555555555)
(-1, -1, 0.000115933358099265, 0.808921582233602, 0.05263157894736842)
(-1, 1, 0.000122035113759167, 0.999999985405282, 0.05)
(-1, -1, 0.000128136869414526, 0.809122425104003, 0.047619047619047616)
(1, 1, 0.000134238625065114, 0.309195724844062, 0.045454545454545456)
(-1, -1, 0.000140340380710703, -0.308830128124036, 0.043478260869565216)
(1, 1, 0.000146442136351068, -0.808896470233456, 0.041666666666666664)
(1, -1, 0.000152543891985981, -0.999999977195754, 0.04)
(1, 1, 0.000158645647615214, -0.809147523820771, 0.038461538461538464)
(-1, -1, 0.000164747403238540, -0.309236343882441, 0.037037037037037035)
(1, 1, 0.000170849158855733, 0.308789503448212, 0.03571428571428571)
(1, -1, 0.000176950914466565, 0.808871356757608, 0.034482758620689655)
(-1, 1, 0.000183052670070808, 0.999999967161885, 0.03333333333333333)
(-1, -1, 0.000189154425668237, 0.809172621061378, 0.03225806451612903)
(-1, 1, 0.000195256181258623, 0.309276962356667, 0.03125)
(1, -1, 0.000201357936841739, -0.308748878209051, 0.030303030303030304)
(1, 1, 0.000207459692417358, -0.808846241806103, 0.029411764705882353)
(-1, -1, 0.000213561447985253, -0.999999955303677, 0.02857142857142857)
(1, 1, 0.000219663203545198, -0.809197716825780, 0.027777777777777776)
(1, -1, 0.000225764959096963, -0.309317580266667, 0.02702702702702703)
(1, 1, 0.000231866714640323, 0.308708252406627, 0.02631578947368421)
(1, -1, 0.000237968470175051, 0.808821125378989, 0.02564102564102564)
(1, 1, 0.000244070225700918, 0.999999941621130, 0.025)
(-1, -1, 0.000250171981217699, 0.809222811113930, 0.024390243902439025)
(1, 1, 0.000256273736725165, 0.309358197612367, 0.023809523809523808)
(1, -1, 0.000262375492223090, -0.308667626041015, 0.023255813953488372)
(-1, 1, 0.000268477247711246, -0.808796007476310, 0.022727272727272728)
(-1, -1, 0.000274579003189406, -0.999999926114243, 0.022222222222222223)
(1, 1, 0.000280680758657344, -0.809247903925782, 0.021739130434782608)
(1, -1, 0.000286782514114831, -0.309398814393693, 0.02127659574468085)
(-1, 1, 0.000292884269561641, 0.308626999112287, 0.020833333333333332)
(1, -1, 0.000298986024997546, 0.808770888098112, 0.02040816326530612)
(-1, 1, 0.000305087780422320, 0.999999908783016, 0.02)
(1, -1, 0.000311189535835735, 0.809272995261292, 0.0196078431372549)
(-1, 1, 0.000317291291237564, 0.309439430610570, 0.019230769230769232)
(1, -1, 0.000323393046627580, -0.308586371620520, 0.018867924528301886)
(1, 1, 0.000329494802005555, -0.808745767244442, 0.018518518518518517)
(1, -1, 0.000335596557371263, -0.999999889627450, 0.01818181818181818)
(-1, 1, 0.000341698312724476, -0.809298085120413, 0.017857142857142856)
(1, -1, 0.000347800068064967, -0.309480046262924, 0.017543859649122806)
(-1, 1, 0.000353901823392509, 0.308545743565786, 0.017241379310344827)
(1, -1, 0.000360003578706875, 0.808720644915344, 0.01694915254237288)
(1, 1, 0.000366105334007837, 0.999999868647544, 0.016666666666666666)
(1, -1, 0.000372207089295168, 0.809323173503099, 0.01639344262295082)
(1, 1, 0.000378308844568642, 0.309520661350681, 0.016129032258064516)
(1, -1, 0.000384410599828031, -0.308505114948159, 0.015873015873015872)
(1, 1, 0.000390512355073108, -0.808695521110865, 0.015625)
(1, -1, 0.000396614110303645, -0.999999845843298, 0.015384615384615385)
(-1, 1, 0.000402715865519416, -0.809348260409305, 0.015151515151515152)
(-1, -1, 0.000408817620720193, -0.309561275873768, 0.014925373134328358)
(-1, 1, 0.000414919375905750, 0.308464485767715, 0.014705882352941176)
(1, -1, 0.000421021131075858, 0.808670395831051, 0.014492753623188406)
(1, 1, 0.000427122886230291, 0.999999821214714, 0.014285714285714285)
(1, -1, 0.000433224641368822, 0.809373345838984, 0.014084507042253521)
(-1, 1, 0.000439326396491223, 0.309601889832109, 0.013888888888888888)
(1, -1, 0.000445428151597267, -0.308423856024526, 0.0136986301369863)
(-1, 1, 0.000451529906686728, -0.808645269075948, 0.013513513513513514)
(-1, -1, 0.000457631661759377, -0.999999794761790, 0.013333333333333334)
(-1, 1, 0.000463733416814988, -0.809398429792092, 0.013157894736842105)
(-1, -1, 0.000469835171853334, -0.309642503225632, 0.012987012987012988)
(-1, 1, 0.000475936926874187, 0.308383225718668, 0.01282051282051282)
(1, -1, 0.000482038681877320, 0.808620140845600, 0.012658227848101266)
(-1, 1, 0.000488140436862506, 0.999999766484526, 0.0125)
(1, -1, 0.000494242191829518, 0.809423512268582, 0.012345679012345678)
(1, 1, 0.000500343946778129, 0.309683116054262, 0.012195121951219513)
(1, -1, 0.000506445701708111, -0.308342594850214, 0.012048192771084338)
(-1, 1, 0.000512547456619238, -0.808595011140055, 0.011904761904761904)
(1, -1, 0.000518649211511281, -0.999999736382923, 0.011764705882352941)
(-1, 1, 0.000524750966384015, -0.809448593268409, 0.011627906976744186)
(-1, -1, 0.000530852721237211, -0.309723728317924, 0.011494252873563218)
(1, 1, 0.000536954476070643, 0.308301963419238, 0.011363636363636364)
(1, -1, 0.000543056230884083, 0.808569879959358, 0.011235955056179775)
(1, 1, 0.000549157985677305, 0.999999704456981, 0.011111111111111112)
(-1, -1, 0.000555259740450081, 0.809473672791526, 0.01098901098901099)
(-1, 1, 0.000561361495202183, 0.309764340016545, 0.010869565217391304)
(1, -1, 0.000567463249933385, -0.308261331425814, 0.010752688172043012)
(-1, 1, 0.000573565004643460, -0.808544747303555, 0.010638297872340425)
(1, -1, 0.000579666759332180, -0.999999670706700, 0.010526315789473684)
(1, 1, 0.000585768513999319, -0.809498750837888, 0.010416666666666666)
(1, -1, 0.000591870268644648, -0.309804951150051, 0.010309278350515464)
(-1, 1, 0.000597972023267941, 0.308220698870018, 0.01020408163265306)
(-1, -1, 0.000604073777868971, 0.808519613172691, 0.010101010101010102)
(1, 1, 0.000610175532447510, 0.999999635132080, 0.01)
(1, -1, 0.000616277287003332, 0.809523827407450, 0.009900990099009901)
(-1, 1, 0.000622379041536209, 0.309845561718367, 0.00980392156862745)
(1, -1, 0.000628480796045913, -0.308180065751922, 0.009708737864077669)
(1, 1, 0.000634582550532219, -0.808494477566813, 0.009615384615384616)
(1, -1, 0.000640684304994898, -0.999999597733121, 0.009523809523809525)
(-1, 1, 0.000646786059433723, -0.809548902500165, 0.009433962264150943)
(-1, -1, 0.000652887813848468, -0.309886171721420, 0.009345794392523364)
(-1, 1, 0.000658989568238905, 0.308139432071601, 0.009259259259259259)
(1, -1, 0.000665091322604806, 0.808469340485967, 0.009174311926605505)
(-1, 1, 0.000671193076945946, 0.999999558509823, 0.00909090909090909)
(-1, -1, 0.000677294831262095, 0.809573976115988, 0.009009009009009009)
(1, 1, 0.000683396585553029, 0.309926781159134, 0.008928571428571428)
(-1, -1, 0.000689498339818518, -0.308098797829129, 0.008849557522123894)
(-1, 1, 0.000695600094058336, -0.808444201930197, 0.008771929824561403)
(1, -1, 0.000701701848272256, -0.999999517462185, 0.008695652173913044)
(1, 1, 0.000707803602460051, -0.809599048254873, 0.008620689655172414)
(-1, -1, 0.000713905356621494, -0.309967390031437, 0.008547008547008548)
(-1, 1, 0.000720007110756356, 0.308058163024580, 0.00847457627118644)
(-1, -1, 0.000726108864864412, 0.808419061899551, 0.008403361344537815)
(-1, 1, 0.000732210618945433, 0.999999474590209, 0.008333333333333333)
(1, -1, 0.000738312372999194, 0.809624118916774, 0.008264462809917356)
(-1, 1, 0.000744414127025466, 0.310007998338255, 0.00819672131147541)
(1, -1, 0.000750515881024022, -0.308017527658028, 0.008130081300813009)
(-1, 1, 0.000756617634994636, -0.808393920394074, 0.008064516129032258)
(-1, -1, 0.000762719388937079, -0.999999429893895, 0.008)
(-1, 1, 0.000768821142851126, -0.809649188101646, 0.007936507936507936)
(-1, -1, 0.000774922896736548, -0.310048606079513, 0.007874015748031496)
(-1, 1, 0.000781024650593119, 0.307976891729548, 0.0078125)
(-1, -1, 0.000787126404420611, 0.808368777413812, 0.007751937984496124)
(-1, 1, 0.000793228158218797, 0.999999383373241, 0.007692307692307693)
(1, -1, 0.000799329911987450, 0.809674255809443, 0.007633587786259542)
(1, 1, 0.000805431665726343, 0.310089213255136, 0.007575757575757576)
(-1, -1, 0.000811533419435249, -0.307936255239213, 0.007518796992481203)
(1, 1, 0.000817635173113940, -0.808343632958810, 0.007462686567164179)
(1, -1, 0.000823736926762189, -0.999999335028249, 0.007407407407407408)
(1, 1, 0.000829838680379770, -0.809699322040119, 0.007352941176470588)
(-1, -1, 0.000835940433966454, -0.310129819865052, 0.0072992700729927005)
(-1, 1, 0.000842042187522015, 0.307895618187098, 0.007246376811594203)
(-1, -1, 0.000848143941046226, 0.808318487029115, 0.007194244604316547)
(-1, 1, 0.000854245694538859, 0.999999284858919, 0.007142857142857143)
(-1, -1, 0.000860347447999688, 0.809724386793628, 0.0070921985815602835)
(-1, 1, 0.000866449201428484, 0.310170425909185, 0.007042253521126761)
(1, -1, 0.000872550954825021, -0.307854980573276, 0.006993006993006993)
(1, 1, 0.000878652708189072, -0.808293339624773, 0.006944444444444444)
(-1, -1, 0.000884754461520410, -0.999999232865250, 0.006896551724137931)
(-1, 1, 0.000890856214818806, -0.809749450069925, 0.00684931506849315)
(-1, -1, 0.000896957968084035, -0.310211031387462, 0.006802721088435374)
(1, 1, 0.000903059721315869, 0.307814342397823, 0.006756756756756757)
(-1, -1, 0.000909161474514081, 0.808268190745829, 0.006711409395973154)
(1, 1, 0.000915263227678443, 0.999999179047243, 0.006666666666666667)
(1, -1, 0.000921364980808729, 0.809774511868963, 0.006622516556291391)
(1, 1, 0.000927466733904711, 0.310251636299809, 0.006578947368421052)
(-1, -1, 0.000933568486966162, -0.307773703660812, 0.006535947712418301)
(1, 1, 0.000939670239992855, -0.808243040392329, 0.006493506493506494)
(1, -1, 0.000945771992984563, -0.999999123404897, 0.0064516129032258064)
(1, 1, 0.000951873745941058, -0.809799572190698, 0.00641025641025641)
(1, -1, 0.000957975498862114, -0.310292240646151, 0.006369426751592357)
(-1, 1, 0.000964077251747503, 0.307733064362317, 0.006329113924050633)
(-1, -1, 0.000970179004596998, 0.808217888564319, 0.006289308176100629)
(1, 1, 0.000976280757410372, 0.999999065938214, 0.00625)
(-1, -1, 0.000982382510187397, 0.809824631035084, 0.006211180124223602)
(-1, 1, 0.000988484262927848, 0.310332844426415, 0.006172839506172839)
(-1, -1, 0.000994586015631495, -0.307692424502412, 0.006134969325153374)
(-1, 1, 0.00100068776829811, -0.808192735261846, 0.006097560975609756)
(-1, -1, 0.00100678952092747, -0.999999006647192, 0.006060606060606061)
(-1, 1, 0.00101289127351935, -0.809849688402074, 0.006024096385542169)
(-1, -1, 0.00101899302607351, -0.310373447640527, 0.005988023952095809)
(1, 1, 0.00102509477858974, 0.307651784081172, 0.005952380952380952)
(1, -1, 0.00103119653106780, 0.808167580484954, 0.005917159763313609)
(-1, 1, 0.00103729828350747, 0.999998945531833, 0.0058823529411764705)
(-1, -1, 0.00104340003590852, 0.809874744291623, 0.005847953216374269)
(1, 1, 0.00104950178827072, 0.310414050288411, 0.005813953488372093)
