517.385475433853
(1, -1, 4.75643595553314e-6, -0.999999999988688, 1.0)
(-1, 1, 9.51287191095866e-6, 0.999999999954753, 0.5)
(1, -1, 0.0000142693078661690, -0.999999999898193, 0.3333333333333333)
(1, 1, 0.0000190257438210565, 0.999999999819011, 0.25)
(-1, -1, 0.0000237821797755135, -0.999999999717204, 0.2)
(-1, 1, 0.0000285386157294325, 0.999999999592774, 0.16666666666666666)
(1, -1, 0.0000332950516827059, -0.999999999445720, 0.14285714285714285)
(-1, 1, 0.0000380514876352260, 0.999999999276042, 0.125)
(1, -1, 0.0000428079235868852, -0.999999999083741, 0.1111111111111111)
(1, 1, 0.0000475643595375760, 0.999999998868816, 0.1)
(1, -1, 0.0000523207954871907, -0.999999998631267, 0.09090909090909091)
(1, 1, 0.0000570772314356217, 0.999999998371095, 0.08333333333333333)
(-1, -1, 0.0000618336673827614, -0.999999998088299, 0.07692307692307693)
(-1, 1, 0.0000665901033285022, 0.999999997782879, 0.07142857142857142)
(-1, -1, 0.0000713465392727365, -0.999999997454836, 0.06666666666666667)
(1, 1, 0.0000761029752153567, 0.999999997104169, 0.0625)
(1, -1, 0.0000808594111562551, -0.999999996730878, 0.058823529411764705)
(-1, 1, 0.0000856158470953242, 0.999999996334963, 0.05555555555555555)
(-1, -1, 0.0000903722830324563, -0.999999995916425, 0.05263157894736842)
(-1, 1, 0.0000951287189675439, 0.999999995475263, 0.05)
(1, -1, 0.0000998851549004794, -0.999999995011478, 0.047619047619047616)
(-1, 1, 0.000104641590831155, 0.999999994525069, 0.045454545454545456)
(1, -1, 0.000109398026759463, -0.999999994016036, 0.043478260869565216)
(-1, 1, 0.000114154462685297, 0.999999993484379, 0.041666666666666664)
(1, -1, 0.000118910898608547, -0.999999992930099, 0.04)
(1, 1, 0.000123667334529108, 0.999999992353195, 0.038461538461538464)
(1, -1, 0.000128423770446871, -0.999999991753668, 0.037037037037037035)
(1, 1, 0.000133180206361728, 0.999999991131516, 0.03571428571428571)
(-1, -1, 0.000137936642273572, -0.999999990486741, 0.034482758620689655)
(1, 1, 0.000142693078182296, 0.999999989819343, 0.03333333333333333)
(1, -1, 0.000147449514087791, -0.999999989129320, 0.03225806451612903)
(-1, 1, 0.000152205949989951, 0.999999988416674, 0.03125)
(1, -1, 0.000156962385888667, -0.999999987681405, 0.030303030303030304)
(-1, 1, 0.000161718821783832, 0.999999986923511, 0.029411764705882353)
(-1, -1, 0.000166475257675338, -0.999999986142994, 0.02857142857142857)
(1, 1, 0.000171231693563078, 0.999999985339853, 0.027777777777777776)
(-1, -1, 0.000175988129446944, -0.999999984514089, 0.02702702702702703)
(1, 1, 0.000180744565326829, 0.999999983665701, 0.02631578947368421)
(-1, -1, 0.000185501001202624, -0.999999982794689, 0.02564102564102564)
(1, 1, 0.000190257437074223, 0.999999981901054, 0.025)
(-1, -1, 0.000195013872941518, -0.999999980984794, 0.024390243902439025)
(-1, 1, 0.000199770308804400, 0.999999980045912, 0.023809523809523808)
(1, -1, 0.000204526744662763, -0.999999979084405, 0.023255813953488372)
(1, 1, 0.000209283180516499, 0.999999978100275, 0.022727272727272728)
(-1, -1, 0.000214039616365500, -0.999999977093521, 0.022222222222222223)
(-1, 1, 0.000218796052209659, 0.999999976064143, 0.021739130434782608)
(1, -1, 0.000223552488048868, -0.999999975012142, 0.02127659574468085)
(1, 1, 0.000228308923883019, 0.999999973937517, 0.020833333333333332)
(1, -1, 0.000233065359712005, -0.999999972840269, 0.02040816326530612)
(-1, 1, 0.000237821795535718, 0.999999971720396, 0.02)
(1, -1, 0.000242578231354051, -0.999999970577900, 0.0196078431372549)
(-1, 1, 0.000247334667166896, 0.999999969412781, 0.019230769230769232)
(1, -1, 0.000252091102974145, -0.999999968225037, 0.018867924528301886)
(-1, 1, 0.000256847538775691, 0.999999967014670, 0.018518518518518517)
(-1, -1, 0.000261603974571426, -0.999999965781680, 0.01818181818181818)
(-1, 1, 0.000266360410361243, 0.999999964526065, 0.017857142857142856)
(-1, -1, 0.000271116846145033, -0.999999963247827, 0.017543859649122806)
(1, 1, 0.000275873281922690, 0.999999961946965, 0.017241379310344827)
(-1, -1, 0.000280629717694106, -0.999999960623480, 0.01694915254237288)
(-1, 1, 0.000285386153459173, 0.999999959277371, 0.016666666666666666)
(1, -1, 0.000290142589217783, -0.999999957908638, 0.01639344262295082)
(-1, 1, 0.000294899024969829, 0.999999956517282, 0.016129032258064516)
(1, -1, 0.000299655460715204, -0.999999955103301, 0.015873015873015872)
(1, 1, 0.000304411896453799, 0.999999953666698, 0.015625)
(1, -1, 0.000309168332185507, -0.999999952207470, 0.015384615384615385)
(-1, 1, 0.000313924767910221, 0.999999950725619, 0.015151515151515152)
(-1, -1, 0.000318681203627833, -0.999999949221144, 0.014925373134328358)
(1, 1, 0.000323437639338235, 0.999999947694045, 0.014705882352941176)
(1, -1, 0.000328194075041319, -0.999999946144323, 0.014492753623188406)
(1, 1, 0.000332950510736979, 0.999999944571977, 0.014285714285714285)
(-1, -1, 0.000337706946425106, -0.999999942977008, 0.014084507042253521)
(-1, 1, 0.000342463382105592, 0.999999941359414, 0.013888888888888888)
(-1, -1, 0.000347219817778331, -0.999999939719197, 0.0136986301369863)
(1, 1, 0.000351976253443215, 0.999999938056357, 0.013513513513513514)
(1, -1, 0.000356732689100136, -0.999999936370892, 0.013333333333333334)
(-1, 1, 0.000361489124748986, 0.999999934662804, 0.013157894736842105)
(1, -1, 0.000366245560389658, -0.999999932932093, 0.012987012987012988)
(1, 1, 0.000371001996022044, 0.999999931178757, 0.01282051282051282)
(-1, -1, 0.000375758431646036, -0.999999929402798, 0.012658227848101266)
(-1, 1, 0.000380514867261528, 0.999999927604215, 0.0125)
(1, -1, 0.000385271302868411, -0.999999925783009, 0.012345679012345678)
(1, 1, 0.000390027738466577, 0.999999923939179, 0.012195121951219513)
(-1, -1, 0.000394784174055920, -0.999999922072725, 0.012048192771084338)
(1, 1, 0.000399540609636331, 0.999999920183647, 0.011904761904761904)
(-1, -1, 0.000404297045207704, -0.999999918271946, 0.011764705882352941)
(-1, 1, 0.000409053480769929, 0.999999916337621, 0.011627906976744186)
(-1, -1, 0.000413809916322901, -0.999999914380673, 0.011494252873563218)
(-1, 1, 0.000418566351866510, 0.999999912401101, 0.011363636363636364)
(-1, -1, 0.000423322787400650, -0.999999910398905, 0.011235955056179775)
(1, 1, 0.000428079222925212, 0.999999908374085, 0.011111111111111112)
(-1, -1, 0.000432835658440090, -0.999999906326642, 0.01098901098901099)
(1, 1, 0.000437592093945176, 0.999999904256575, 0.010869565217391304)
(1, -1, 0.000442348529440362, -0.999999902163884, 0.010752688172043012)
(-1, 1, 0.000447104964925540, 0.999999900048570, 0.010638297872340425)
(1, -1, 0.000451861400400603, -0.999999897910632, 0.010526315789473684)
(-1, 1, 0.000456617835865443, 0.999999895750071, 0.010416666666666666)
(-1, -1, 0.000461374271319953, -0.999999893566885, 0.010309278350515464)
(-1, 1, 0.000466130706764025, 0.999999891361076, 0.01020408163265306)
(1, -1, 0.000470887142197551, -0.999999889132643, 0.010101010101010102)
(1, 1, 0.000475643577620424, 0.999999886881587, 0.01)
(1, -1, 0.000480400013032536, -0.999999884607907, 0.009900990099009901)
(-1, 1, 0.000485156448433780, 0.999999882311603, 0.00980392156862745)
(-1, -1, 0.000489912883824048, -0.999999879992676, 0.009708737864077669)
(1, 1, 0.000494669319203232, 0.999999877651125, 0.009615384615384616)
(-1, -1, 0.000499425754571225, -0.999999875286950, 0.009523809523809525)
(-1, 1, 0.000504182189927919, 0.999999872900152, 0.009433962264150943)
(1, -1, 0.000508938625273207, -0.999999870490729, 0.009345794392523364)
(1, 1, 0.000513695060606980, 0.999999868058684, 0.009259259259259259)
(-1, -1, 0.000518451495929132, -0.999999865604014, 0.009174311926605505)
(1, 1, 0.000523207931239555, 0.999999863126721, 0.00909090909090909)
(-1, -1, 0.000527964366538140, -0.999999860626804, 0.009009009009009009)
(1, 1, 0.000532720801824782, 0.999999858104264, 0.008928571428571428)
(1, -1, 0.000537477237099371, -0.999999855559099, 0.008849557522123894)
(1, 1, 0.000542233672361800, 0.999999852991311, 0.008771929824561403)
(-1, -1, 0.000546990107611962, -0.999999850400900, 0.008695652173913044)
(-1, 1, 0.000551746542849749, 0.999999847787865, 0.008620689655172414)
(-1, -1, 0.000556502978075054, -0.999999845152206, 0.008547008547008548)
(1, 1, 0.000561259413287768, 0.999999842493923, 0.00847457627118644)
(1, -1, 0.000566015848487785, -0.999999839813017, 0.008403361344537815)
(1, 1, 0.000570772283674996, 0.999999837109487, 0.008333333333333333)
(1, -1, 0.000575528718849295, -0.999999834383333, 0.008264462809917356)
(-1, 1, 0.000580285154010572, 0.999999831634556, 0.00819672131147541)
(-1, -1, 0.000585041589158722, -0.999999828863155, 0.008130081300813009)
(1, 1, 0.000589798024293636, 0.999999826069130, 0.008064516129032258)
(-1, -1, 0.000594554459415206, -0.999999823252482, 0.008)
(-1, 1, 0.000599310894523326, 0.999999820413210, 0.007936507936507936)
(-1, -1, 0.000604067329617886, -0.999999817551314, 0.007874015748031496)
(-1, 1, 0.000608823764698781, 0.999999814666795, 0.0078125)
(1, -1, 0.000613580199765902, -0.999999811759651, 0.007751937984496124)
(-1, 1, 0.000618336634819141, 0.999999808829885, 0.007692307692307693)
(-1, -1, 0.000623093069858391, -0.999999805877494, 0.007633587786259542)
(1, 1, 0.000627849504883545, 0.999999802902480, 0.007575757575757576)
(-1, -1, 0.000632605939894494, -0.999999799904842, 0.007518796992481203)
(1, 1, 0.000637362374891131, 0.999999796884581, 0.007462686567164179)
(-1, -1, 0.000642118809873349, -0.999999793841696, 0.007407407407407408)
(-1, 1, 0.000646875244841040, 0.999999790776187, 0.007352941176470588)
(1, -1, 0.000651631679794096, -0.999999787688054, 0.0072992700729927005)
(-1, 1, 0.000656388114732410, 0.999999784577298, 0.007246376811594203)
(-1, -1, 0.000661144549655874, -0.999999781443918, 0.007194244604316547)
(-1, 1, 0.000665900984564380, 0.999999778287915, 0.007142857142857143)
(1, -1, 0.000670657419457822, -0.999999775109288, 0.0070921985815602835)
(1, 1, 0.000675413854336090, 0.999999771908037, 0.007042253521126761)
(-1, -1, 0.000680170289199078, -0.999999768684162, 0.006993006993006993)
(1, 1, 0.000684926724046678, 0.999999765437664, 0.006944444444444444)
(1, -1, 0.000689683158878783, -0.999999762168542, 0.006896551724137931)
(1, 1, 0.000694439593695284, 0.999999758876796, 0.00684931506849315)
(1, -1, 0.000699196028496075, -0.999999755562427, 0.006802721088435374)
(-1, 1, 0.000703952463281047, 0.999999752225434, 0.006756756756756757)
(1, -1, 0.000708708898050094, -0.999999748865817, 0.006711409395973154)
(-1, 1, 0.000713465332803106, 0.999999745483577, 0.006666666666666667)
(1, -1, 0.000718221767539978, -0.999999742078713, 0.006622516556291391)
(1, 1, 0.000722978202260600, 0.999999738651225, 0.006578947368421052)
(1, -1, 0.000727734636964867, -0.999999735201114, 0.006535947712418301)
(-1, 1, 0.000732491071652669, 0.999999731728379, 0.006493506493506494)
(-1, -1, 0.000737247506323899, -0.999999728233020, 0.0064516129032258064)
(-1, 1, 0.000742003940978451, 0.999999724715038, 0.00641025641025641)
(-1, -1, 0.000746760375616215, -0.999999721174432, 0.006369426751592357)
(1, 1, 0.000751516810237085, 0.999999717611202, 0.006329113924050633)
(1, -1, 0.000756273244840953, -0.999999714025349, 0.006289308176100629)
(1, 1, 0.000761029679427711, 0.999999710416872, 0.00625)
(1, -1, 0.000765786113997252, -0.999999706785771, 0.006211180124223602)
(-1, 1, 0.000770542548549468, 0.999999703132046, 0.006172839506172839)
(-1, -1, 0.000775298983084251, -0.999999699455698, 0.006134969325153374)
(-1, 1, 0.000780055417601495, 0.999999695756726, 0.006097560975609756)
(-1, -1, 0.000784811852101090, -0.999999692035131, 0.006060606060606061)
(1, 1, 0.000789568286582931, 0.999999688290912, 0.006024096385542169)
(1, -1, 0.000794324721046908, -0.999999684524069, 0.005988023952095809)
(-1, 1, 0.000799081155492915, 0.999999680734603, 0.005952380952380952)
(1, -1, 0.000803837589920843, -0.999999676922512, 0.005917159763313609)
(1, 1, 0.000808594024330586, 0.999999673087798, 0.0058823529411764705)
(-1, -1, 0.000813350458722036, -0.999999669230461, 0.005847953216374269)
(1, 1, 0.000818106893095084, 0.999999665350500, 0.005813953488372093)
(1, -1, 0.000822863327449624, -0.999999661447915, 0.005780346820809248)
(1, 1, 0.000827619761785548, 0.999999657522706, 0.005747126436781609)
(1, -1, 0.000832376196102748, -0.999999653574874, 0.005714285714285714)
(1, 1, 0.000837132630401116, 0.999999649604418, 0.005681818181818182)
(-1, -1, 0.000841889064680546, -0.999999645611339, 0.005649717514124294)
(1, 1, 0.000846645498940929, 0.999999641595635, 0.0056179775280898875)
(-1, -1, 0.000851401933182157, -0.999999637557308, 0.00558659217877095)
