549.717026363869
(1, -1, 4.21339078912812e-6, 0.809017489688454, 1.0)
(-1, 1, 8.42678157818144e-6, 0.309018597243615, 0.5)
(1, -1, 0.0000126401723670852, -0.309014590070301, 0.3333333333333333)
(1, 1, 0.0000168535631557645, -0.809015013115177, 0.25)
(1, -1, 0.0000210669539441446, -0.999999999991124, 0.2)
(-1, 1, 0.0000252803447321508, -0.809019966247368, 0.16666666666666666)
(1, -1, 0.0000294937355197081, -0.309022604411443, 0.14285714285714285)
(-1, 1, 0.0000337071263067419, 0.309010582891500, 0.125)
(1, -1, 0.0000379205170931772, 0.809012536527538, 0.1111111111111111)
(-1, 1, 0.0000421339078789394, 0.999999999964495, 0.1)
(-1, -1, 0.0000463472986639536, 0.809022442791920, 0.09090909090909091)
(1, 1, 0.0000505606894481450, 0.309026611573786, 0.08333333333333333)
(-1, -1, 0.0000547740802314388, -0.309006575707215, 0.07692307692307693)
(-1, 1, 0.0000589874710137602, -0.809010059925537, 0.07142857142857142)
(1, -1, 0.0000632008617950344, -0.999999999920113, 0.06666666666666667)
(1, 1, 0.0000674142525751867, -0.809024919322110, 0.0625)
(1, -1, 0.0000716276433541421, -0.309030618730642, 0.058823529411764705)
(-1, 1, 0.0000758410341318260, 0.309002568517443, 0.05555555555555555)
(1, -1, 0.0000800544249081635, 0.809007583309174, 0.05263157894736842)
(1, 1, 0.0000842678156830799, 0.999999999857979, 0.05)
(1, -1, 0.0000884812064565002, 0.809027395837938, 0.047619047619047616)
(1, 1, 0.0000926945972283498, 0.309034625882012, 0.045454545454545456)
(-1, -1, 0.0000969079879985538, -0.308998561322186, 0.043478260869565216)
(-1, 1, 0.000101121378767037, -0.809005106678449, 0.041666666666666664)
(1, -1, 0.000105334769533726, -0.999999999778092, 0.04)
(1, 1, 0.000109548160298544, -0.809029872339403, 0.038461538461538464)
(1, -1, 0.000113761551061418, -0.309038633027896, 0.037037037037037035)
(1, 1, 0.000117974941822272, 0.308994554121443, 0.03571428571428571)
(-1, -1, 0.000122188332581032, 0.809002630033362, 0.034482758620689655)
(-1, 1, 0.000126401723337623, 0.999999999680452, 0.03333333333333333)
(1, -1, 0.000130615114091969, 0.809032348826506, 0.03225806451612903)
(-1, 1, 0.000134828504843997, 0.309042640168294, 0.03125)
(-1, -1, 0.000139041895593631, -0.308990546915215, 0.030303030303030304)
(-1, 1, 0.000143255286340797, -0.809000153373913, 0.029411764705882353)
(1, -1, 0.000147468677085420, -0.999999999565060, 0.02857142857142857)
(1, 1, 0.000151682067827425, -0.809034825299246, 0.027777777777777776)
(1, -1, 0.000155895458566737, -0.309046647303206, 0.02702702702702703)
(-1, 1, 0.000160108849303281, 0.308986539703501, 0.02631578947368421)
(-1, -1, 0.000164322240036984, 0.808997676700102, 0.02564102564102564)
(-1, 1, 0.000168535630767769, 0.999999999431915, 0.025)
(1, -1, 0.000172749021495562, 0.809037301757624, 0.024390243902439025)
(-1, 1, 0.000176962412220288, 0.309050654432631, 0.023809523809523808)
(1, -1, 0.000181175802941872, -0.308982532486302, 0.023255813953488372)
(-1, 1, 0.000185389193660241, -0.808995200011929, 0.022727272727272728)
(1, -1, 0.000189602584375318, -0.999999999281017, 0.022222222222222223)
(1, 1, 0.000193815975087029, -0.809039778201639, 0.021739130434782608)
(-1, -1, 0.000198029365795300, -0.309054661556569, 0.02127659574468085)
(1, 1, 0.000202242756500055, 0.308978525263618, 0.020833333333333332)
(1, -1, 0.000206456147201219, 0.808992723309395, 0.02040816326530612)
(-1, 1, 0.000210669537898719, 0.999999999112367, 0.02)
(1, -1, 0.000214882928592478, 0.809042254631291, 0.0196078431372549)
(-1, 1, 0.000219096319282423, 0.309058668675022, 0.019230769230769232)
(1, -1, 0.000223309709968478, -0.308974518035448, 0.018867924528301886)
(-1, 1, 0.000227523100650569, -0.808990246592499, 0.018518518518518517)
(-1, -1, 0.000231736491328621, -0.999999998925964, 0.01818181818181818)
(-1, 1, 0.000235949882002559, -0.809044731046581, 0.017857142857142856)
(1, -1, 0.000240163272672308, -0.309062675787987, 0.017543859649122806)
(1, 1, 0.000244376663337793, 0.308970510801794, 0.017241379310344827)
(-1, -1, 0.000248590053998941, 0.808987769861240, 0.01694915254237288)
(1, 1, 0.000252803444655675, 0.999999998721808, 0.016666666666666666)
(-1, -1, 0.000257016835307921, 0.809047207447508, 0.01639344262295082)
(-1, 1, 0.000261230225955604, 0.309066682895466, 0.016129032258064516)
(1, -1, 0.000265443616598650, -0.308966503562655, 0.015873015873015872)
(1, 1, 0.000269657007236984, -0.808985293115621, 0.015625)
(-1, -1, 0.000273870397870530, -0.999999998499900, 0.015384615384615385)
(1, 1, 0.000278083788499214, -0.809049683834073, 0.015151515151515152)
(-1, -1, 0.000282297179122962, -0.309070689997458, 0.014925373134328358)
(1, 1, 0.000286510569741698, 0.308962496318030, 0.014705882352941176)
(-1, -1, 0.000290723960355348, 0.808982816355639, 0.014492753623188406)
(-1, 1, 0.000294937350963837, 0.999999998260239, 0.014285714285714285)
(1, -1, 0.000299150741567090, 0.809052160206275, 0.014084507042253521)
(-1, 1, 0.000303364132165032, 0.309074697093963, 0.013888888888888888)
(1, -1, 0.000307577522757589, -0.308958489067921, 0.0136986301369863)
(-1, 1, 0.000311790913344685, -0.808980339581296, 0.013513513513513514)
(1, -1, 0.000316004303926246, -0.999999998002826, 0.013333333333333334)
(1, 1, 0.000320217694502197, -0.809054636564113, 0.013157894736842105)
(-1, -1, 0.000324431085072464, -0.309078704184981, 0.012987012987012988)
(1, 1, 0.000328644475636971, 0.308954481812326, 0.01282051282051282)
(1, -1, 0.000332857866195644, 0.808977862792591, 0.012658227848101266)
(1, 1, 0.000337071256748407, 0.999999997727659, 0.0125)
(1, -1, 0.000341284647295187, 0.809057112907589, 0.012345679012345678)
(-1, 1, 0.000345498037835908, 0.309082711270513, 0.012195121951219513)
(-1, -1, 0.000349711428370495, -0.308950474551247, 0.012048192771084338)
(1, 1, 0.000353924818898875, -0.808975385989525, 0.011904761904761904)
(1, -1, 0.000358138209420971, -0.999999997434740, 0.011764705882352941)
(-1, 1, 0.000362351599936709, -0.809059589236702, 0.011627906976744186)
(-1, -1, 0.000366564990446014, -0.309086718350557, 0.011494252873563218)
(1, 1, 0.000370778380948812, 0.308946467284683, 0.011363636363636364)
(1, -1, 0.000374991771445028, 0.808972909172098, 0.011235955056179775)
(-1, 1, 0.000379205161934586, 0.999999997124069, 0.011111111111111112)
(-1, -1, 0.000383418552417413, 0.809062065551452, 0.01098901098901099)
(-1, 1, 0.000387631942893433, 0.309090725425114, 0.010869565217391304)
(1, -1, 0.000391845333362571, -0.308942460012635, 0.010752688172043012)
(1, 1, 0.000396058723824753, -0.808970432340309, 0.010638297872340425)
(1, -1, 0.000400272114279904, -0.999999996795645, 0.010526315789473684)
(-1, 1, 0.000404485504727949, -0.809064541851840, 0.010416666666666666)
(1, -1, 0.000408698895168814, -0.309094732494184, 0.010309278350515464)
(-1, 1, 0.000412912285602423, 0.308938452735102, 0.01020408163265306)
(-1, -1, 0.000417125676028701, 0.808967955494158, 0.010101010101010102)
(1, 1, 0.000421339066447575, 0.999999996449468, 0.01)
(-1, -1, 0.000425552456858969, 0.809067018137864, 0.009900990099009901)
(-1, 1, 0.000429765847262808, 0.309098739557767, 0.00980392156862745)
(1, -1, 0.000433979237659017, -0.308934445452085, 0.009708737864077669)
(1, 1, 0.000438192628047522, -0.808965478633647, 0.009615384615384616)
(1, -1, 0.000442406018428249, -0.999999996085538, 0.009523809523809525)
(-1, 1, 0.000446619408801121, -0.809069494409524, 0.009433962264150943)
(-1, -1, 0.000450832799166064, -0.309102746615862, 0.009345794392523364)
(1, 1, 0.000455046189523004, 0.308930438163583, 0.009259259259259259)
(1, -1, 0.000459259579871866, 0.808963001758774, 0.009174311926605505)
(1, 1, 0.000463472970212575, 0.999999995703856, 0.00909090909090909)
(1, -1, 0.000467686360545056, 0.809071970666822, 0.009009009009009009)
(1, 1, 0.000471899750869234, 0.309106753668470, 0.008928571428571428)
(-1, -1, 0.000476113141185035, -0.308926430869597, 0.008849557522123894)
(-1, 1, 0.000480326531492383, -0.808960524869540, 0.008771929824561403)
(-1, -1, 0.000484539921791204, -0.999999995304421, 0.008695652173913044)
(-1, 1, 0.000488753312081424, -0.809074446909757, 0.008620689655172414)
(-1, -1, 0.000492966702362966, -0.309110760715591, 0.008547008547008548)
(1, 1, 0.000497180092635758, 0.308922423570126, 0.00847457627118644)
(1, -1, 0.000501393482899723, 0.808958047965944, 0.008403361344537815)
(-1, 1, 0.000505606873154787, 0.999999994887233, 0.008333333333333333)
(1, -1, 0.000509820263400875, 0.809076923138328, 0.008264462809917356)
(1, 1, 0.000514033653637912, 0.309114767757224, 0.00819672131147541)
(1, -1, 0.000518247043865824, -0.308918416265172, 0.008130081300813009)
(1, 1, 0.000522460434084536, -0.808955571047987, 0.008064516129032258)
(1, -1, 0.000526673824293973, -0.999999994452293, 0.008)
(-1, 1, 0.000530887214494059, -0.809079399352536, 0.007936507936507936)
(1, -1, 0.000535100604684722, -0.309118774793369, 0.007874015748031496)
(-1, 1, 0.000539313994865884, 0.308914408954733, 0.0078125)
(1, -1, 0.000543527385037473, 0.808953094115670, 0.007751937984496124)
(1, 1, 0.000547740775199412, 0.999999993999600, 0.007692307692307693)
(1, -1, 0.000551954165351627, 0.809081875552381, 0.007633587786259542)
(-1, 1, 0.000556167555494044, 0.309122781824027, 0.007575757575757576)
(1, -1, 0.000560380945626588, -0.308910401638810, 0.007518796992481203)
(1, 1, 0.000564594335749183, -0.808950617168991, 0.007462686567164179)
(1, -1, 0.000568807725861755, -0.999999993529155, 0.007407407407407408)
(-1, 1, 0.000573021115964229, -0.809084351737863, 0.007352941176470588)
(-1, -1, 0.000577234506056530, -0.309126788849196, 0.0072992700729927005)
(1, 1, 0.000581447896138585, 0.308906394317403, 0.007246376811594203)
(1, -1, 0.000585661286210317, 0.808948140207951, 0.007194244604316547)
(1, 1, 0.000589874676271651, 0.999999993040957, 0.007142857142857143)
(-1, -1, 0.000594088066322514, 0.809086827908981, 0.0070921985815602835)
(-1, 1, 0.000598301456362831, 0.309130795868879, 0.007042253521126761)
(1, -1, 0.000602514846392526, -0.308902386990513, 0.006993006993006993)
(1, 1, 0.000606728236411524, -0.808945663232550, 0.006944444444444444)
(-1, -1, 0.000610941626419752, -0.999999992535006, 0.006896551724137931)
(-1, 1, 0.000615155016417134, -0.809089304065735, 0.00684931506849315)
(1, -1, 0.000619368406403595, -0.309134802883073, 0.006802721088435374)
(1, 1, 0.000623581796379060, 0.308898379658138, 0.006756756756756757)
(1, -1, 0.000627795186343456, 0.808943186242788, 0.006711409395973154)
(-1, 1, 0.000632008576296706, 0.999999992011302, 0.006666666666666667)
(-1, -1, 0.000636221966238737, 0.809091780208126, 0.006622516556291391)
(-1, 1, 0.000640435356169473, 0.309138809891779, 0.006578947368421052)
(1, -1, 0.000644648746088839, -0.308894372320280, 0.006535947712418301)
(1, 1, 0.000648862135996762, -0.808940709238666, 0.006493506493506494)
(1, -1, 0.000653075525893165, -0.999999991469846, 0.0064516129032258064)
(-1, 1, 0.000657288915777974, -0.809094256336154, 0.00641025641025641)
(-1, -1, 0.000661502305651115, -0.309142816894997, 0.006369426751592357)
(-1, 1, 0.000665715695512512, 0.308890364976938, 0.006329113924050633)
(1, -1, 0.000669929085362092, 0.808938232220182, 0.006289308176100629)
(-1, 1, 0.000674142475199778, 0.999999990910637, 0.00625)
(-1, -1, 0.000678355865025496, 0.809096732449818, 0.006211180124223602)
(-1, 1, 0.000682569254839172, 0.309146823892728, 0.006172839506172839)
(-1, -1, 0.000686782644640730, -0.308886357628112, 0.006134969325153374)
(1, 1, 0.000690996034430096, -0.808935755187338, 0.006097560975609756)
(-1, -1, 0.000695209424207195, -0.999999990333676, 0.006060606060606061)
(1, 1, 0.000699422813971952, -0.809099208549118, 0.006024096385542169)
(1, -1, 0.000703636203724293, -0.309150830884969, 0.005988023952095809)
(-1, 1, 0.000707849593464142, 0.308882350273803, 0.005952380952380952)
(1, -1, 0.000712062983191425, 0.808933278140133, 0.005917159763313609)
(-1, 1, 0.000716276372906067, 0.999999989738961, 0.0058823529411764705)
(1, -1, 0.000720489762607993, 0.809101684634055, 0.005847953216374269)
(1, 1, 0.000724703152297128, 0.309154837871723, 0.005813953488372093)
(1, -1, 0.000728916541973398, -0.308878342914011, 0.005780346820809248)
(1, 1, 0.000733129931636728, -0.808930801078567, 0.005747126436781609)
(1, -1, 0.000737343321287043, -0.999999989126495, 0.005714285714285714)
(-1, 1, 0.000741556710924268, -0.809104160704628, 0.005681818181818182)
(-1, -1, 0.000745770100548329, -0.309158844852989, 0.005649717514124294)
(-1, 1, 0.000749983490159150, 0.308874335548734, 0.0056179775280898875)
(-1, -1, 0.000754196879756657, 0.808928324002641, 0.00558659217877095)
(1, 1, 0.000758410269340775, 0.999999988496275, 0.005555555555555556)
(1, -1, 0.000762623658911429, 0.809106636760837, 0.0055248618784530384)
(1, 1, 0.000766837048468544, 0.309162851828766, 0.005494505494505495)
