480.657203302993
(1, -1, 5.51111163390719e-6, 0.999999998481382, 1.0)
(1, 1, 0.0000110222232676470, 0.999999993925530, 0.5)
(1, -1, 0.0000165333349010520, 0.999999986332442, 0.3333333333333333)
(1, 1, 0.0000220444465339549, 0.999999975702119, 0.25)
(-1, -1, 0.0000275555581661882, 0.999999962034561, 0.2)
(1, 1, 0.0000330666697975846, 0.999999945329768, 0.16666666666666666)
(-1, -1, 0.0000385777814279767, 0.999999925587740, 0.14285714285714285)
(1, 1, 0.0000440888930571971, 0.999999902808477, 0.125)
(1, -1, 0.0000496000046850784, 0.999999876991979, 0.1111111111111111)
(-1, 1, 0.0000551111163114533, 0.999999848138247, 0.1)
(-1, -1, 0.0000606222279361543, 0.999999816247279, 0.09090909090909091)
(1, 1, 0.0000661333395590140, 0.999999781319078, 0.08333333333333333)
(1, -1, 0.0000716444511798651, 0.999999743353641, 0.07692307692307693)
(-1, 1, 0.0000771555627985402, 0.999999702350971, 0.07142857142857142)
(-1, -1, 0.0000826666744148720, 0.999999658311066, 0.06666666666666667)
(1, 1, 0.0000881777860286929, 0.999999611233927, 0.0625)
(-1, -1, 0.0000936888976398357, 0.999999561119554, 0.058823529411764705)
(1, 1, 0.0000992000092481329, 0.999999507967947, 0.05555555555555555)
(-1, -1, 0.000104711120853417, 0.999999451779107, 0.05263157894736842)
(-1, 1, 0.000110222232455521, 0.999999392553033, 0.05)
(-1, -1, 0.000115733344054277, 0.999999330289725, 0.047619047619047616)
(-1, 1, 0.000121244455649519, 0.999999264989185, 0.045454545454545456)
(1, -1, 0.000126755567241077, 0.999999196651412, 0.043478260869565216)
(1, 1, 0.000132266678828786, 0.999999125276406, 0.041666666666666664)
(1, -1, 0.000137777790412478, 0.999999050864168, 0.04)
(1, 1, 0.000143288901991985, 0.999998973414697, 0.038461538461538464)
(1, -1, 0.000148800013567139, 0.999998892927994, 0.037037037037037035)
(-1, 1, 0.000154311125137775, 0.999998809404060, 0.03571428571428571)
(1, -1, 0.000159822236703724, 0.999998722842894, 0.034482758620689655)
(-1, 1, 0.000165333348264818, 0.999998633244496, 0.03333333333333333)
(-1, -1, 0.000170844459820891, 0.999998540608868, 0.03225806451612903)
(1, 1, 0.000176355571371775, 0.999998444936009, 0.03125)
(-1, -1, 0.000181866682917303, 0.999998346225920, 0.030303030303030304)
(-1, 1, 0.000187377794457307, 0.999998244478600, 0.029411764705882353)
(1, -1, 0.000192888905991620, 0.999998139694051, 0.02857142857142857)
(1, 1, 0.000198400017520074, 0.999998031872272, 0.027777777777777776)
(1, -1, 0.000203911129042503, 0.999997921013264, 0.02702702702702703)
(-1, 1, 0.000209422240558738, 0.999997807117027, 0.02631578947368421)
(1, -1, 0.000214933352068612, 0.999997690183562, 0.02564102564102564)
(-1, 1, 0.000220444463571959, 0.999997570212869, 0.025)
(-1, -1, 0.000225955575068610, 0.999997447204947, 0.024390243902439025)
(-1, 1, 0.000231466686558398, 0.999997321159799, 0.023809523809523808)
(1, -1, 0.000236977798041157, 0.999997192077423, 0.023255813953488372)
(-1, 1, 0.000242488909516717, 0.999997059957821, 0.022727272727272728)
(-1, -1, 0.000248000020984913, 0.999996924800993, 0.022222222222222223)
(1, 1, 0.000253511132445576, 0.999996786606938, 0.021739130434782608)
(1, -1, 0.000259022243898540, 0.999996645375659, 0.02127659574468085)
(1, 1, 0.000264533355343636, 0.999996501107154, 0.020833333333333332)
(1, -1, 0.000270044466780698, 0.999996353801425, 0.02040816326530612)
(1, 1, 0.000275555578209558, 0.999996203458472, 0.02)
(-1, -1, 0.000281066689630049, 0.999996050078295, 0.0196078431372549)
(1, 1, 0.000286577801042003, 0.999995893660895, 0.019230769230769232)
(-1, -1, 0.000292088912445253, 0.999995734206273, 0.018867924528301886)
(1, 1, 0.000297600023839632, 0.999995571714428, 0.018518518518518517)
(1, -1, 0.000303111135224971, 0.999995406185362, 0.01818181818181818)
(-1, 1, 0.000308622246601105, 0.999995237619074, 0.017857142857142856)
(-1, -1, 0.000314133357967865, 0.999995066015566, 0.017543859649122806)
(1, 1, 0.000319644469325084, 0.999994891374837, 0.017241379310344827)
(-1, -1, 0.000325155580672595, 0.999994713696889, 0.01694915254237288)
(-1, 1, 0.000330666692010230, 0.999994532981722, 0.016666666666666666)
(-1, -1, 0.000336177803337822, 0.999994349229336, 0.01639344262295082)
(-1, 1, 0.000341688914655203, 0.999994162439732, 0.016129032258064516)
(-1, -1, 0.000347200025962207, 0.999993972612911, 0.015873015873015872)
(1, 1, 0.000352711137258665, 0.999993779748873, 0.015625)
(-1, -1, 0.000358222248544410, 0.999993583847619, 0.015384615384615385)
(-1, 1, 0.000363733359819276, 0.999993384909149, 0.015151515151515152)
(1, -1, 0.000369244471083094, 0.999993182933464, 0.014925373134328358)
(-1, 1, 0.000374755582335697, 0.999992977920565, 0.014705882352941176)
(1, -1, 0.000380266693576918, 0.999992769870452, 0.014492753623188406)
(1, 1, 0.000385777804806589, 0.999992558783125, 0.014285714285714285)
(1, -1, 0.000391288916024544, 0.999992344658587, 0.014084507042253521)
(1, 1, 0.000396800027230614, 0.999992127496836, 0.013888888888888888)
(-1, -1, 0.000402311138424632, 0.999991907297874, 0.0136986301369863)
(1, 1, 0.000407822249606432, 0.999991684061701, 0.013513513513513514)
(1, -1, 0.000413333360775844, 0.999991457788319, 0.013333333333333334)
(-1, 1, 0.000418844471932703, 0.999991228477727, 0.013157894736842105)
(1, -1, 0.000424355583076840, 0.999990996129927, 0.012987012987012988)
(1, 1, 0.000429866694208089, 0.999990760744919, 0.01282051282051282)
(-1, -1, 0.000435377805326282, 0.999990522322704, 0.012658227848101266)
(-1, 1, 0.000440888916431251, 0.999990280863282, 0.0125)
(1, -1, 0.000446400027522830, 0.999990036366655, 0.012345679012345678)
(-1, 1, 0.000451911138600850, 0.999989788832823, 0.012195121951219513)
(-1, -1, 0.000457422249665144, 0.999989538261787, 0.012048192771084338)
(-1, 1, 0.000462933360715546, 0.999989284653548, 0.011904761904761904)
(1, -1, 0.000468444471751887, 0.999989028008106, 0.011764705882352941)
(1, 1, 0.000473955582774001, 0.999988768325462, 0.011627906976744186)
(1, -1, 0.000479466693781719, 0.999988505605617, 0.011494252873563218)
(-1, 1, 0.000484977804774875, 0.999988239848572, 0.011363636363636364)
(1, -1, 0.000490488915753301, 0.999987971054327, 0.011235955056179775)
(-1, 1, 0.000496000026716829, 0.999987699222884, 0.011111111111111112)
(-1, -1, 0.000501511137665293, 0.999987424354243, 0.01098901098901099)
(1, 1, 0.000507022248598525, 0.999987146448406, 0.010869565217391304)
(-1, -1, 0.000512533359516358, 0.999986865505372, 0.010752688172043012)
(1, 1, 0.000518044470418623, 0.999986581525142, 0.010638297872340425)
(1, -1, 0.000523555581305154, 0.999986294507719, 0.010526315789473684)
(1, 1, 0.000529066692175784, 0.999986004453102, 0.010416666666666666)
(1, -1, 0.000534577803030345, 0.999985711361292, 0.010309278350515464)
(1, 1, 0.000540088913868669, 0.999985415232290, 0.01020408163265306)
(-1, -1, 0.000545600024690590, 0.999985116066098, 0.010101010101010102)
(1, 1, 0.000551111135495939, 0.999984813862716, 0.01)
(-1, -1, 0.000556622246284550, 0.999984508622144, 0.009900990099009901)
(-1, 1, 0.000562133357056255, 0.999984200344385, 0.00980392156862745)
(1, -1, 0.000567644467810886, 0.999983889029438, 0.009708737864077669)
(1, 1, 0.000573155578548277, 0.999983574677306, 0.009615384615384616)
(1, -1, 0.000578666689268260, 0.999983257287988, 0.009523809523809525)
(-1, 1, 0.000584177799970667, 0.999982936861485, 0.009433962264150943)
(1, -1, 0.000589688910655332, 0.999982613397800, 0.009345794392523364)
(1, 1, 0.000595200021322086, 0.999982286896932, 0.009259259259259259)
(-1, -1, 0.000600711131970763, 0.999981957358883, 0.009174311926605505)
(1, 1, 0.000606222242601194, 0.999981624783653, 0.00909090909090909)
(1, -1, 0.000611733353213214, 0.999981289171244, 0.009009009009009009)
(-1, 1, 0.000617244463806653, 0.999980950521656, 0.008928571428571428)
(-1, -1, 0.000622755574381345, 0.999980608834892, 0.008849557522123894)
(-1, 1, 0.000628266684937123, 0.999980264110951, 0.008771929824561403)
(-1, -1, 0.000633777795473819, 0.999979916349835, 0.008695652173913044)
(1, 1, 0.000639288905991265, 0.999979565551545, 0.008620689655172414)
(1, -1, 0.000644800016489295, 0.999979211716082, 0.008547008547008548)
(-1, 1, 0.000650311126967741, 0.999978854843446, 0.00847457627118644)
(1, -1, 0.000655822237426435, 0.999978494933640, 0.008403361344537815)
(-1, 1, 0.000661333347865210, 0.999978131986664, 0.008333333333333333)
(1, -1, 0.000666844458283900, 0.999977766002519, 0.008264462809917356)
(-1, 1, 0.000672355568682335, 0.999977396981207, 0.00819672131147541)
(-1, -1, 0.000677866679060349, 0.999977024922728, 0.008130081300813009)
(-1, 1, 0.000683377789417775, 0.999976649827084, 0.008064516129032258)
(-1, -1, 0.000688888899754446, 0.999976271694275, 0.008)
(-1, 1, 0.000694400010070193, 0.999975890524304, 0.007936507936507936)
(-1, -1, 0.000699911120364849, 0.999975506317171, 0.007874015748031496)
(1, 1, 0.000705422230638248, 0.999975119072876, 0.0078125)
(1, -1, 0.000710933340890221, 0.999974728791423, 0.007751937984496124)
(-1, 1, 0.000716444451120601, 0.999974335472811, 0.007692307692307693)
(1, -1, 0.000721955561329222, 0.999973939117041, 0.007633587786259542)
(-1, 1, 0.000727466671515915, 0.999973539724116, 0.007575757575757576)
(1, -1, 0.000732977781680513, 0.999973137294036, 0.007518796992481203)
(1, 1, 0.000738488891822849, 0.999972731826802, 0.007462686567164179)
(-1, -1, 0.000744000001942755, 0.999972323322416, 0.007407407407407408)
(-1, 1, 0.000749511112040064, 0.999971911780879, 0.007352941176470588)
(-1, -1, 0.000755022222114609, 0.999971497202192, 0.0072992700729927005)
(1, 1, 0.000760533332166221, 0.999971079586357, 0.007246376811594203)
(1, -1, 0.000766044442194735, 0.999970658933374, 0.007194244604316547)
(1, 1, 0.000771555552199982, 0.999970235243245, 0.007142857142857143)
(1, -1, 0.000777066662181795, 0.999969808515972, 0.0070921985815602835)
(1, 1, 0.000782577772140007, 0.999969378751555, 0.007042253521126761)
(-1, -1, 0.000788088882074451, 0.999968945949995, 0.006993006993006993)
(1, 1, 0.000793599991984957, 0.999968510111296, 0.006944444444444444)
(-1, -1, 0.000799111101871361, 0.999968071235456, 0.006896551724137931)
(-1, 1, 0.000804622211733494, 0.999967629322478, 0.00684931506849315)
(1, -1, 0.000810133321571188, 0.999967184372364, 0.006802721088435374)
(1, 1, 0.000815644431384277, 0.999966736385114, 0.006756756756756757)
(-1, -1, 0.000821155541172592, 0.999966285360730, 0.006711409395973154)
(1, 1, 0.000826666650935967, 0.999965831299213, 0.006666666666666667)
(-1, -1, 0.000832177760674235, 0.999965374200565, 0.006622516556291391)
(-1, 1, 0.000837688870387227, 0.999964914064787, 0.006578947368421052)
(-1, -1, 0.000843199980074777, 0.999964450891880, 0.006535947712418301)
(1, 1, 0.000848711089736716, 0.999963984681846, 0.006493506493506494)
(1, -1, 0.000854222199372879, 0.999963515434687, 0.0064516129032258064)
(1, 1, 0.000859733308983096, 0.999963043150403, 0.00641025641025641)
(-1, -1, 0.000865244418567202, 0.999962567828996, 0.006369426751592357)
(-1, 1, 0.000870755528125028, 0.999962089470468, 0.006329113924050633)
(-1, -1, 0.000876266637656407, 0.999961608074819, 0.006289308176100629)
(-1, 1, 0.000881777747161172, 0.999961123642052, 0.00625)
(-1, -1, 0.000887288856639155, 0.999960636172169, 0.006211180124223602)
(1, 1, 0.000892799966090189, 0.999960145665169, 0.006172839506172839)
(-1, -1, 0.000898311075514107, 0.999959652121055, 0.006134969325153374)
(-1, 1, 0.000903822184910740, 0.999959155539829, 0.006097560975609756)
(1, -1, 0.000909333294279923, 0.999958655921492, 0.006060606060606061)
(-1, 1, 0.000914844403621487, 0.999958153266045, 0.006024096385542169)
(-1, -1, 0.000920355512935265, 0.999957647573490, 0.005988023952095809)
(-1, 1, 0.000925866622221090, 0.999957138843829, 0.005952380952380952)
(1, -1, 0.000931377731478794, 0.999956627077062, 0.005917159763313609)
(1, 1, 0.000936888840708209, 0.999956112273193, 0.0058823529411764705)
(-1, -1, 0.000942399949909170, 0.999955594432221, 0.005847953216374269)
(1, 1, 0.000947911059081507, 0.999955073554149, 0.005813953488372093)
(-1, -1, 0.000953422168225054, 0.999954549638978, 0.005780346820809248)
(1, 1, 0.000958933277339644, 0.999954022686711, 0.005747126436781609)
(-1, -1, 0.000964444386425108, 0.999953492697348, 0.005714285714285714)
