516.246824029674
(1, -1, 4.77744100582255e-6, 0.998027262353030, 1.0)
(-1, 1, 9.55488201153605e-6, 0.992116832799768, 0.5)
(1, -1, 0.0000143323230170315, 0.982292030793993, 0.3333333333333333)
(1, 1, 0.0000191097640221998, 0.968591619849286, 0.25)
(1, -1, 0.0000238872050269319, 0.951069654598547, 0.2)
(-1, 1, 0.0000286646460311189, 0.929795267522774, 0.16666666666666666)
(1, -1, 0.0000334420870346516, 0.904852396190567, 0.14285714285714285)
(-1, 1, 0.0000382195280374210, 0.876339452084529, 0.125)
(1, -1, 0.0000429969690393181, 0.844368932321186, 0.1111111111111111)
(-1, 1, 0.0000477744100402339, 0.809066975796400, 0.1)
(1, -1, 0.0000525518510400592, 0.770572865507467, 0.09090909090909091)
(1, 1, 0.0000573292920386851, 0.729038479015493, 0.08333333333333333)
(1, -1, 0.0000621067330360025, 0.684627689216233, 0.07692307692307693)
(-1, 1, 0.0000668841740319024, 0.637515717783623, 0.07142857142857142)
(1, -1, 0.0000716616150262758, 0.587888443836999, 0.06666666666666667)
(1, 1, 0.0000764390560190135, 0.535941670559624, 0.0625)
(-1, -1, 0.0000812164970100066, 0.481880352662064, 0.058823529411764705)
(-1, 1, 0.0000859939379991460, 0.425917787738440, 0.05555555555555555)
(-1, -1, 0.0000907713789863227, 0.368274774706044, 0.05263157894736842)
(1, 1, 0.0000955488199714277, 0.309178742648665, 0.05)
(1, -1, 0.000100326260954352, 0.248862853500754, 0.047619047619047616)
(-1, 1, 0.000105103701934986, 0.187565082112777, 0.045454545454545456)
(-1, -1, 0.000109881142913222, 0.125527277327317, 0.043478260869565216)
(-1, 1, 0.000114658583888949, 0.0629942077704476, 0.041666666666666664)
(1, -1, 0.000119436024862060, 0.000212596123158485, 0.04)
(-1, 1, 0.000124213465832444, -0.0625698543168823, 0.038461538461538464)
(1, -1, 0.000128990906799994, -0.125105436942570, 0.037037037037037035)
(1, 1, 0.000133768347764599, -0.187147419157664, 0.03571428571428571)
(-1, -1, 0.000138545788726151, -0.248451015854147, 0.034482758620689655)
(-1, 1, 0.000143323229684541, -0.308774355205822, 0.03333333333333333)
(-1, -1, 0.000148100670639660, -0.367879432967632, 0.03225806451612903)
(-1, 1, 0.000152878111591399, -0.425533051515518, 0.03125)
(1, -1, 0.000157655552539648, -0.481507739921896, 0.030303030303030304)
(1, 1, 0.000162432993484300, -0.535582651436570, 0.029411764705882353)
(1, -1, 0.000167210434425243, -0.587544434832140, 0.02857142857142857)
(1, 1, 0.000171987875362371, -0.637188076175987, 0.027777777777777776)
(1, -1, 0.000176765316295572, -0.684317707707689, 0.02702702702702703)
(1, 1, 0.000181542757224740, -0.728747380630425, 0.02631578947368421)
(1, -1, 0.000186320198149764, -0.770301798767360, 0.02564102564102564)
(-1, 1, 0.000191097639070535, -0.808817010188381, 0.025)
(1, -1, 0.000195875079986945, -0.844141054078386, 0.024390243902439025)
(-1, 1, 0.000200652520898884, -0.876134560294924, 0.023809523809523808)
(-1, -1, 0.000205429961806243, -0.904671299249653, 0.023255813953488372)
(1, 1, 0.000210207402708914, -0.929638679944055, 0.022727272727272728)
(1, -1, 0.000214984843606787, -0.950938194194447, 0.022222222222222223)
(1, 1, 0.000219762284499753, -0.968485805293582, 0.021739130434782608)
(1, -1, 0.000224539725387703, -0.982212279575399, 0.02127659574468085)
(1, 1, 0.000229317166270529, -0.992063459574747, 0.020833333333333332)
(1, -1, 0.000234094607148120, -0.998000477704323, 0.02040816326530612)
(-1, 1, 0.000238872048020369, -0.999999909605777, 0.02)
(-1, -1, 0.000243649488887165, -0.998053866569939, 0.0196078431372549)
(1, 1, 0.000248426929748400, -0.992170026661528, 0.019230769230769232)
(-1, -1, 0.000253204370603966, -0.982371604425537, 0.018867924528301886)
(-1, 1, 0.000257981811453752, -0.968697259294817, 0.018518518518518517)
(1, -1, 0.000262759252297650, -0.951200943060242, 0.01818181818181818)
(-1, 1, 0.000267536693135551, -0.929951687005251, 0.017857142857142856)
(-1, -1, 0.000272314133967346, -0.905033329544623, 0.017543859649122806)
(1, 1, 0.000277091574792925, -0.876544185442085, 0.017241379310344827)
(-1, -1, 0.000281869015612180, -0.844596657911839, 0.01694915254237288)
(1, 1, 0.000286646456425002, -0.809316795134457, 0.016666666666666666)
(1, -1, 0.000291423897231281, -0.770843792936902, 0.01639344262295082)
(1, 1, 0.000296201338030909, -0.729329445598828, 0.016129032258064516)
(1, -1, 0.000300978778823776, -0.684937546952001, 0.015873015873015872)
(1, 1, 0.000305756219609774, -0.637843244135783, 0.015625)
(1, -1, 0.000310533660388793, -0.588232346558421, 0.015384615384615385)
(-1, 1, 0.000315311101160725, -0.536300592790616, 0.015151515151515152)
(-1, -1, 0.000320088541925460, -0.482252878283831, 0.014925373134328358)
(-1, 1, 0.000324865982682889, -0.426302446960346, 0.014705882352941176)
(-1, -1, 0.000329643423432904, -0.368670049864633, 0.014492753623188406)
(-1, 1, 0.000334420864175395, -0.309583074195563, 0.014285714285714285)
(1, -1, 0.000339198304910253, -0.249274646155833, 0.014084507042253521)
(-1, 1, 0.000343975745637369, -0.187982711158289, 0.013888888888888888)
(-1, -1, 0.000348753186356634, -0.125949095018183, 0.0136986301369863)
(-1, 1, 0.000353530627067940, -0.0634185498353882, 0.013513513513513514)
(1, -1, 0.000358308067771176, -0.000637788331040630, 0.013333333333333334)
(-1, 1, 0.000363085508466235, 0.0621454895514102, 0.013157894736842105)
(1, -1, 0.000367862949153006, 0.124683573940206, 0.012987012987012988)
(-1, 1, 0.000372640389831381, 0.186729722368460, 0.01282051282051282)
(1, -1, 0.000377417830501252, 0.248039133290466, 0.012658227848101266)
(1, 1, 0.000382195271162508, 0.308369911940144, 0.0125)
(1, -1, 0.000386972711815040, 0.367484024720868, 0.012345679012345678)
(-1, 1, 0.000391750152458741, 0.425148238361137, 0.012195121951219513)
(1, -1, 0.000396527593093500, 0.481135040130691, 0.012048192771084338)
(1, 1, 0.000401305033719209, 0.535223535486361, 0.011904761904761904)
(-1, -1, 0.000406082474335759, 0.587200319606035, 0.011764705882352941)
(1, 1, 0.000410859914943040, 0.636860319372109, 0.011627906976744186)
(-1, -1, 0.000415637355540944, 0.684007602482410, 0.011494252873563218)
(-1, 1, 0.000420414796129361, 0.728456150496249, 0.011363636363636364)
(1, -1, 0.000425192236708183, 0.770030592765588, 0.011235955056179775)
(-1, 1, 0.000429969677277300, 0.808566898355592, 0.011111111111111112)
(1, -1, 0.000434747117836604, 0.843913023224636, 0.01098901098901099)
(-1, 1, 0.000439524558385985, 0.875929510110314, 0.010869565217391304)
(-1, -1, 0.000444301998925334, 0.904490038754619, 0.010752688172043012)
(-1, 1, 0.000449079439454542, 0.929481924297403, 0.010638297872340425)
(-1, -1, 0.000453856879973501, 0.950806561871708, 0.010526315789473684)
(-1, 1, 0.000458634320482101, 0.968379815646833, 0.010416666666666666)
(-1, -1, 0.000463411760980233, 0.982132350784173, 0.010309278350515464)
(-1, 1, 0.000468189201467789, 0.992009906996115, 0.01020408163265306)
(1, -1, 0.000472966641944658, 0.997973512628661, 0.010101010101010102)
(1, 1, 0.000477744082410732, 0.999999638423124, 0.01)
(1, -1, 0.000482521522865903, 0.998080290350240, 0.009900990099009901)
(1, 1, 0.000487298963310060, 0.992223041150411, 0.00980392156862745)
(-1, -1, 0.000492076403743095, 0.982451000455645, 0.009708737864077669)
(-1, 1, 0.000496853844164899, 0.968802723611075, 0.009615384615384616)
(1, -1, 0.000501631284575363, 0.951332059555797, 0.009523809523809525)
(1, 1, 0.000506408724974378, 0.930107938363208, 0.009433962264150943)
(-1, -1, 0.000511186165361835, 0.905214099279110, 0.009345794392523364)
(1, 1, 0.000515963605737624, 0.876748760330580, 0.009259259259259259)
(-1, -1, 0.000520741046101637, 0.844824230809174, 0.009174311926605505)
(-1, 1, 0.000525518486453764, 0.809566468157389, 0.00909090909090909)
(1, -1, 0.000530295926793897, 0.771114581006686, 0.009009009009009009)
(1, 1, 0.000535073367121927, 0.729620280327825, 0.008928571428571428)
(-1, -1, 0.000539850807437744, 0.685247280858974, 0.008849557522123894)
(1, 1, 0.000544628247741240, 0.638170655173254, 0.008771929824561403)
(-1, -1, 0.000549405688032305, 0.588576142934230, 0.008695652173913044)
(-1, 1, 0.000554183128310831, 0.536659418064657, 0.008620689655172414)
(1, -1, 0.000558960568576707, 0.482625316719850, 0.008547008547008548)
(1, 1, 0.000563738008829827, 0.426687029111696, 0.00847457627118644)
(-1, -1, 0.000568515449070079, 0.369065258371936, 0.008403361344537815)
(-1, 1, 0.000573292889297356, 0.309987349773418, 0.008333333333333333)
(1, -1, 0.000578070329511547, 0.249686393744936, 0.008264462809917356)
(-1, 1, 0.000582847769712545, 0.188400306218700, 0.00819672131147541)
(1, -1, 0.000587625209900241, 0.126370889938907, 0.008130081300813009)
(-1, 1, 0.000592402650074524, 0.0638428804349875, 0.008064516129032258)
(1, -1, 0.000597180090235286, 0.00106298042361779, 0.008)
(-1, 1, 0.000601957530382419, -0.0617211135507516, 0.007936507936507936)
(-1, -1, 0.000606734970515812, -0.124261688396492, 0.007874015748031496)
(-1, 1, 0.000611512410635357, -0.186311991820680, 0.0078125)
(-1, -1, 0.000616289850740945, -0.247627205884176, 0.007751937984496124)
(-1, 1, 0.000621067290832467, -0.307965412924748, 0.007692307692307693)
(1, -1, 0.000625844730909813, -0.367088550037238, 0.007633587786259542)
(1, 1, 0.000630622170972876, -0.424763348344867, 0.007575757575757576)
(-1, -1, 0.000635399611021545, -0.480762253355831, 0.007518796992481203)
(1, 1, 0.000640177051055712, -0.534864322773921, 0.007462686567164179)
(1, -1, 0.000644954491075267, -0.586856098220896, 0.007407407407407408)
(1, 1, 0.000649731931080102, -0.636532447431243, 0.007352941176470588)
(1, -1, 0.000654509371070108, -0.683697373596459, 0.0072992700729927005)
(1, 1, 0.000659286811045175, -0.728164788665618, 0.007246376811594203)
(-1, -1, 0.000664064251005194, -0.769759247551181, 0.007194244604316547)
(1, 1, 0.000668841690950057, -0.808316640343249, 0.007142857142857143)
(1, -1, 0.000673619130879655, -0.843684839801162, 0.0070921985815602835)
(-1, 1, 0.000678396570793877, -0.875724301567769, 0.007042253521126761)
(1, -1, 0.000683174010692617, -0.904308614738237, 0.006993006993006993)
(1, 1, 0.000687951450575763, -0.929325000611158, 0.006944444444444444)
(-1, -1, 0.000692728890443207, -0.950674757654128, 0.006896551724137931)
(1, 1, 0.000697506330294841, -0.968273650928202, 0.00684931506849315)
(1, -1, 0.000702283770130555, -0.982052244434765, 0.006802721088435374)
(1, 1, 0.000707061209950240, -0.991956175073553, 0.006756756756756757)
(-1, -1, 0.000711838649753787, -0.997946367130917, 0.006711409395973154)
(-1, 1, 0.000716616089541088, -0.999999186452090, 0.006666666666666667)
(-1, -1, 0.000721393529312032, -0.998106533689156, 0.006622516556291391)
(1, 1, 0.000726170969066511, -0.992275876256831, 0.006578947368421052)
(-1, -1, 0.000730948408804416, -0.982530218869963, 0.006535947712418301)
(-1, 1, 0.000735725848525638, -0.968908012778994, 0.006493506493506494)
(-1, -1, 0.000740503288230068, -0.951463004061506, 0.0064516129032258064)
(1, 1, 0.000745280727917596, -0.930264021568395, 0.00641025641025641)
(-1, -1, 0.000750058167588114, -0.905394705361346, 0.006369426751592357)
(-1, 1, 0.000754835607241513, -0.876953176713029, 0.006329113924050633)
(-1, -1, 0.000759613046877684, -0.845051650972049, 0.006289308176100629)
(-1, 1, 0.000764390486496517, -0.809815994820056, 0.00625)
(-1, -1, 0.000769167926097904, -0.771385229667863, 0.006211180124223602)
(-1, 1, 0.000773945365681736, -0.729910983149906, 0.006172839506172839)
(1, -1, 0.000778722805247903, -0.685556890881155, 0.006134969325153374)
(1, 1, 0.000783500244796296, -0.638497950836843, 0.006097560975609756)
(1, -1, 0.000788277684326807, -0.588919832902273, 0.006060606060606061)
(-1, 1, 0.000793055123839326, -0.537018146316876, 0.006024096385542169)
(-1, -1, 0.000797832563333745, -0.482997667902788, 0.005988023952095809)
(-1, 1, 0.000802610002809954, -0.427071534122960, 0.005952380952380952)
(1, -1, 0.000807387442267844, -0.369460400156504, 0.005917159763313609)
(1, 1, 0.000812164881707307, -0.310391569309142, 0.0058823529411764705)
(-1, -1, 0.000816942321128232, -0.250098096193623, 0.005847953216374269)
(-1, 1, 0.000821719760530512, -0.188817867218512, 0.005813953488372093)
(1, -1, 0.000826497199914037, -0.126792662013235, 0.005780346820809248)
(1, 1, 0.000831274639278698, -0.0642671994925319, 0.005747126436781609)
(1, -1, 0.000836052078624386, -0.00148817232402038, 0.005714285714285714)
(1, 1, 0.000840829517950992, 0.0612967263916286, 0.005681818181818182)
(-1, -1, 0.000845606957258407, 0.123839780387700, 0.005649717514124294)
(-1, 1, 0.000850384396546522, 0.185894227589845, 0.0056179775280898875)
(-1, -1, 0.000855161835815228, 0.247215233709748, 0.00558659217877095)
