461.491376975835
(1, -1, 5.97837203078077e-6, 0.999999998212953, 1.0)
(-1, 1, 0.0000119567440613479, 0.999999992851814, 0.5)
(1, -1, 0.0000179351160914876, 0.999999983916581, 0.3333333333333333)
(1, 1, 0.0000239134881209864, 0.999999971407254, 0.25)
(-1, -1, 0.0000298918601496304, 0.999999955323835, 0.2)
(-1, 1, 0.0000358702321772061, 0.999999935666323, 0.16666666666666666)
(-1, -1, 0.0000418486042034997, 0.999999912434718, 0.14285714285714285)
(-1, 1, 0.0000478269762282977, 0.999999885629019, 0.125)
(1, -1, 0.0000538053482513862, 0.999999855249228, 0.1111111111111111)
(1, 1, 0.0000597837202725517, 0.999999821295345, 0.1)
(1, -1, 0.0000657620922915805, 0.999999783767368, 0.09090909090909091)
(1, 1, 0.0000717404643082589, 0.999999742665300, 0.08333333333333333)
(-1, -1, 0.0000777188363223732, 0.999999697989139, 0.07692307692307693)
(1, 1, 0.0000836972083337097, 0.999999649738885, 0.07142857142857142)
(-1, -1, 0.0000896755803420549, 0.999999597914540, 0.06666666666666667)
(1, 1, 0.0000956539523471950, 0.999999542516103, 0.0625)
(-1, -1, 0.000101632324348916, 0.999999483543575, 0.058823529411764705)
(-1, 1, 0.000107610696347005, 0.999999420996955, 0.05555555555555555)
(-1, -1, 0.000113589068341248, 0.999999354876244, 0.05263157894736842)
(-1, 1, 0.000119567440331431, 0.999999285181442, 0.05)
(-1, -1, 0.000125545812317340, 0.999999211912550, 0.047619047619047616)
(-1, 1, 0.000131524184298763, 0.999999135069567, 0.045454545454545456)
(1, -1, 0.000137502556275484, 0.999999054652494, 0.043478260869565216)
(-1, 1, 0.000143480928247292, 0.999998970661331, 0.041666666666666664)
(1, -1, 0.000149459300213970, 0.999998883096079, 0.04)
(1, 1, 0.000155437672175308, 0.999998791956737, 0.038461538461538464)
(1, -1, 0.000161416044131089, 0.999998697243306, 0.037037037037037035)
(-1, 1, 0.000167394416081102, 0.999998598955787, 0.03571428571428571)
(1, -1, 0.000173372788025132, 0.999998497094180, 0.034482758620689655)
(1, 1, 0.000179351159962965, 0.999998391658485, 0.03333333333333333)
(-1, -1, 0.000185329531894388, 0.999998282648702, 0.03225806451612903)
(-1, 1, 0.000191307903819187, 0.999998170064833, 0.03125)
(1, -1, 0.000197286275737149, 0.999998053906876, 0.030303030303030304)
(1, 1, 0.000203264647648059, 0.999997934174834, 0.029411764705882353)
(1, -1, 0.000209243019551705, 0.999997810868705, 0.02857142857142857)
(1, 1, 0.000215221391447872, 0.999997683988491, 0.027777777777777776)
(-1, -1, 0.000221199763336347, 0.999997553534193, 0.02702702702702703)
(1, 1, 0.000227178135216915, 0.999997419505809, 0.02631578947368421)
(-1, -1, 0.000233156507089365, 0.999997281903342, 0.02564102564102564)
(1, 1, 0.000239134878953481, 0.999997140726791, 0.025)
(1, -1, 0.000245113250809050, 0.999996995976158, 0.024390243902439025)
(1, 1, 0.000251091622655859, 0.999996847651442, 0.023809523809523808)
(-1, -1, 0.000257069994493693, 0.999996695752643, 0.023255813953488372)
(1, 1, 0.000263048366322340, 0.999996540279764, 0.022727272727272728)
(-1, -1, 0.000269026738141585, 0.999996381232804, 0.022222222222222223)
(-1, 1, 0.000275005109951214, 0.999996218611763, 0.021739130434782608)
(-1, -1, 0.000280983481751015, 0.999996052416642, 0.02127659574468085)
(1, 1, 0.000286961853540773, 0.999995882647443, 0.020833333333333332)
(1, -1, 0.000292940225320275, 0.999995709304165, 0.02040816326530612)
(-1, 1, 0.000298918597089307, 0.999995532386809, 0.02)
(-1, -1, 0.000304896968847655, 0.999995351895376, 0.0196078431372549)
(-1, 1, 0.000310875340595106, 0.999995167829867, 0.019230769230769232)
(-1, -1, 0.000316853712331446, 0.999994980190281, 0.018867924528301886)
(-1, 1, 0.000322832084056461, 0.999994788976620, 0.018518518518518517)
(-1, -1, 0.000328810455769938, 0.999994594188884, 0.01818181818181818)
(1, 1, 0.000334788827471663, 0.999994395827075, 0.017857142857142856)
(-1, -1, 0.000340767199161423, 0.999994193891192, 0.017543859649122806)
(-1, 1, 0.000346745570839003, 0.999993988381238, 0.017241379310344827)
(-1, -1, 0.000352723942504189, 0.999993779297211, 0.01694915254237288)
(-1, 1, 0.000358702314156770, 0.999993566639113, 0.016666666666666666)
(1, -1, 0.000364680685796530, 0.999993350406945, 0.01639344262295082)
(1, 1, 0.000370659057423256, 0.999993130600708, 0.016129032258064516)
(-1, -1, 0.000376637429036734, 0.999992907220402, 0.015873015873015872)
(1, 1, 0.000382615800636751, 0.999992680266028, 0.015625)
(1, -1, 0.000388594172223092, 0.999992449737587, 0.015384615384615385)
(-1, 1, 0.000394572543795546, 0.999992215635080, 0.015151515151515152)
(-1, -1, 0.000400550915353896, 0.999991977958507, 0.014925373134328358)
(-1, 1, 0.000406529286897931, 0.999991736707870, 0.014705882352941176)
(1, -1, 0.000412507658427436, 0.999991491883169, 0.014492753623188406)
(-1, 1, 0.000418486029942197, 0.999991243484405, 0.014285714285714285)
(-1, -1, 0.000424464401442002, 0.999990991511580, 0.014084507042253521)
(-1, 1, 0.000430442772926635, 0.999990735964693, 0.013888888888888888)
(-1, -1, 0.000436421144395884, 0.999990476843747, 0.0136986301369863)
(1, 1, 0.000442399515849536, 0.999990214148741, 0.013513513513513514)
(1, -1, 0.000448377887287375, 0.999989947879677, 0.013333333333333334)
(-1, 1, 0.000454356258709189, 0.999989678036555, 0.013157894736842105)
(-1, -1, 0.000460334630114764, 0.999989404619378, 0.012987012987012988)
(1, 1, 0.000466313001503886, 0.999989127628145, 0.01282051282051282)
(1, -1, 0.000472291372876341, 0.999988847062858, 0.012658227848101266)
(-1, 1, 0.000478269744231917, 0.999988562923517, 0.0125)
(1, -1, 0.000484248115570398, 0.999988275210124, 0.012345679012345678)
(-1, 1, 0.000490226486891572, 0.999987983922679, 0.012195121951219513)
(-1, -1, 0.000496204858195225, 0.999987689061185, 0.012048192771084338)
(-1, 1, 0.000502183229481143, 0.999987390625641, 0.011904761904761904)
(1, -1, 0.000508161600749113, 0.999987088616049, 0.011764705882352941)
(1, 1, 0.000514139971998921, 0.999986783032410, 0.011627906976744186)
(1, -1, 0.000520118343230352, 0.999986473874725, 0.011494252873563218)
(-1, 1, 0.000526096714443194, 0.999986161142995, 0.011363636363636364)
(-1, -1, 0.000532075085637233, 0.999985844837221, 0.011235955056179775)
(1, 1, 0.000538053456812255, 0.999985524957405, 0.011111111111111112)
(1, -1, 0.000544031827968047, 0.999985201503547, 0.01098901098901099)
(1, 1, 0.000550010199104394, 0.999984874475649, 0.010869565217391304)
(-1, -1, 0.000555988570221084, 0.999984543873712, 0.010752688172043012)
(1, 1, 0.000561966941317901, 0.999984209697737, 0.010638297872340425)
(1, -1, 0.000567945312394634, 0.999983871947725, 0.010526315789473684)
(-1, 1, 0.000573923683451068, 0.999983530623677, 0.010416666666666666)
(1, -1, 0.000579902054486989, 0.999983185725595, 0.010309278350515464)
(-1, 1, 0.000585880425502184, 0.999982837253480, 0.01020408163265306)
(1, -1, 0.000591858796496439, 0.999982485207334, 0.010101010101010102)
(1, 1, 0.000597837167469541, 0.999982129587156, 0.01)
(-1, -1, 0.000603815538421275, 0.999981770392949, 0.009900990099009901)
(1, 1, 0.000609793909351428, 0.999981407624714, 0.00980392156862745)
(-1, -1, 0.000615772280259787, 0.999981041282453, 0.009708737864077669)
(1, 1, 0.000621750651146137, 0.999980671366166, 0.009615384615384616)
(1, -1, 0.000627729022010266, 0.999980297875854, 0.009523809523809525)
(1, 1, 0.000633707392851959, 0.999979920811520, 0.009433962264150943)
(1, -1, 0.000639685763671002, 0.999979540173165, 0.009345794392523364)
(1, 1, 0.000645664134467183, 0.999979155960789, 0.009259259259259259)
(1, -1, 0.000651642505240287, 0.999978768174395, 0.009174311926605505)
(1, 1, 0.000657620875990100, 0.999978376813983, 0.00909090909090909)
(-1, -1, 0.000663599246716410, 0.999977981879556, 0.009009009009009009)
(-1, 1, 0.000669577617419002, 0.999977583371114, 0.008928571428571428)
(-1, -1, 0.000675555988097663, 0.999977181288659, 0.008849557522123894)
(1, 1, 0.000681534358752178, 0.999976775632192, 0.008771929824561403)
(-1, -1, 0.000687512729382335, 0.999976366401715, 0.008695652173913044)
(1, 1, 0.000693491099987920, 0.999975953597229, 0.008620689655172414)
(-1, -1, 0.000699469470568719, 0.999975537218736, 0.008547008547008548)
(1, 1, 0.000705447841124518, 0.999975117266237, 0.00847457627118644)
(1, -1, 0.000711426211655103, 0.999974693739734, 0.008403361344537815)
(1, 1, 0.000717404582160262, 0.999974266639228, 0.008333333333333333)
(1, -1, 0.000723382952639780, 0.999973835964721, 0.008264462809917356)
(-1, 1, 0.000729361323093443, 0.999973401716215, 0.00819672131147541)
(1, -1, 0.000735339693521039, 0.999972963893710, 0.008130081300813009)
(-1, 1, 0.000741318063922352, 0.999972522497208, 0.008064516129032258)
(-1, -1, 0.000747296434297170, 0.999972077526712, 0.008)
(1, 1, 0.000753274804645280, 0.999971628982222, 0.007936507936507936)
(1, -1, 0.000759253174966466, 0.999971176863740, 0.007874015748031496)
(-1, 1, 0.000765231545260516, 0.999970721171268, 0.0078125)
(-1, -1, 0.000771209915527216, 0.999970261904807, 0.007751937984496124)
(-1, 1, 0.000777188285766352, 0.999969799064360, 0.007692307692307693)
(1, -1, 0.000783166655977711, 0.999969332649927, 0.007633587786259542)
(1, 1, 0.000789145026161079, 0.999968862661511, 0.007575757575757576)
(1, -1, 0.000795123396316242, 0.999968389099113, 0.007518796992481203)
(1, 1, 0.000801101766442986, 0.999967911962734, 0.007462686567164179)
(-1, -1, 0.000807080136541098, 0.999967431252377, 0.007407407407407408)
(1, 1, 0.000813058506610365, 0.999966946968043, 0.007352941176470588)
(1, -1, 0.000819036876650572, 0.999966459109734, 0.0072992700729927005)
(-1, 1, 0.000825015246661506, 0.999965967677452, 0.007246376811594203)
(-1, -1, 0.000830993616642953, 0.999965472671199, 0.007194244604316547)
(1, 1, 0.000836971986594700, 0.999964974090975, 0.007142857142857143)
(-1, -1, 0.000842950356516532, 0.999964471936783, 0.0070921985815602835)
(1, 1, 0.000848928726408237, 0.999963966208625, 0.007042253521126761)
(-1, -1, 0.000854907096269600, 0.999963456906503, 0.006993006993006993)
(1, 1, 0.000860885466100408, 0.999962944030418, 0.006944444444444444)
(-1, -1, 0.000866863835900447, 0.999962427580372, 0.006896551724137931)
(1, 1, 0.000872842205669503, 0.999961907556368, 0.00684931506849315)
(1, -1, 0.000878820575407364, 0.999961383958406, 0.006802721088435374)
(-1, 1, 0.000884798945113814, 0.999960856786489, 0.006756756756756757)
(1, -1, 0.000890777314788641, 0.999960326040619, 0.006711409395973154)
(-1, 1, 0.000896755684431631, 0.999959791720798, 0.006666666666666667)
(-1, -1, 0.000902734054042570, 0.999959253827027, 0.006622516556291391)
(1, 1, 0.000908712423621244, 0.999958712359308, 0.006578947368421052)
(-1, -1, 0.000914690793167440, 0.999958167317644, 0.006535947712418301)
(1, 1, 0.000920669162680944, 0.999957618702036, 0.006493506493506494)
(1, -1, 0.000926647532161543, 0.999957066512486, 0.0064516129032258064)
(-1, 1, 0.000932625901609022, 0.999956510748996, 0.00641025641025641)
(1, -1, 0.000938604271023169, 0.999955951411569, 0.006369426751592357)
(-1, 1, 0.000944582640403768, 0.999955388500206, 0.006329113924050633)
(-1, -1, 0.000950561009750608, 0.999954822014909, 0.006289308176100629)
(1, 1, 0.000956539379063474, 0.999954251955680, 0.00625)
(-1, -1, 0.000962517748342152, 0.999953678322522, 0.006211180124223602)
(-1, 1, 0.000968496117586428, 0.999953101115436, 0.006172839506172839)
(1, -1, 0.000974474486796090, 0.999952520334425, 0.006134969325153374)
(1, 1, 0.000980452855970923, 0.999951935979490, 0.006097560975609756)
(-1, -1, 0.000986431225110714, 0.999951348050633, 0.006060606060606061)
(1, 1, 0.000992409594215249, 0.999950756547857, 0.006024096385542169)
(-1, -1, 0.000998387963284314, 0.999950161471164, 0.005988023952095809)
(1, 1, 0.00100436633231770, 0.999949562820556, 0.005952380952380952)
(1, -1, 0.00101034470131518, 0.999948960596035, 0.005917159763313609)
(-1, 1, 0.00101632307027656, 0.999948354797603, 0.0058823529411764705)
(-1, -1, 0.00102230143920161, 0.999947745425263, 0.005847953216374269)
(-1, 1, 0.00102827980809012, 0.999947132479016, 0.005813953488372093)
(1, -1, 0.00103425817694188, 0.999946515958865, 0.005780346820809248)
