524.452221539867
(1, -1, 4.62911808961286e-6, 0.999999998928563, 1.0)
(-1, 1, 9.25823617912652e-6, 0.999999995714253, 0.5)
(1, -1, 0.0000138873542684418, 0.999999990357070, 0.3333333333333333)
(1, 1, 0.0000185164723574595, 0.999999982857013, 0.25)
(1, -1, 0.0000231455904460804, 0.999999973214082, 0.2)
(-1, 1, 0.0000277747085342053, 0.999999961428279, 0.16666666666666666)
(-1, -1, 0.0000324038266217350, 0.999999947499601, 0.14285714285714285)
(-1, 1, 0.0000370329447085704, 0.999999931428051, 0.125)
(1, -1, 0.0000416620627946122, 0.999999913213627, 0.1111111111111111)
(-1, 1, 0.0000462911808797612, 0.999999892856331, 0.1)
(-1, -1, 0.0000509202989639183, 0.999999870356160, 0.09090909090909091)
(1, 1, 0.0000555494170469842, 0.999999845713117, 0.08333333333333333)
(-1, -1, 0.0000601785351288598, 0.999999818927201, 0.07692307692307693)
(1, 1, 0.0000648076532094458, 0.999999789998411, 0.07142857142857142)
(1, -1, 0.0000694367712886430, 0.999999758926749, 0.06666666666666667)
(1, 1, 0.0000740658893663524, 0.999999725712214, 0.0625)
(1, -1, 0.0000786950074424746, 0.999999690354806, 0.058823529411764705)
(-1, 1, 0.0000833241255169104, 0.999999652854525, 0.05555555555555555)
(-1, -1, 0.0000879532435895607, 0.999999613211371, 0.05263157894736842)
(1, 1, 0.0000925823616603263, 0.999999571425345, 0.05)
(-1, -1, 0.0000972114797291080, 0.999999527496446, 0.047619047619047616)
(1, 1, 0.000101840597795807, 0.999999481424675, 0.045454545454545456)
(1, -1, 0.000106469715860323, 0.999999433210032, 0.043478260869565216)
(-1, 1, 0.000111098833922557, 0.999999382852516, 0.041666666666666664)
(1, -1, 0.000115727951982411, 0.999999330352128, 0.04)
(1, 1, 0.000120357070039786, 0.999999275708868, 0.038461538461538464)
(1, -1, 0.000124986188094581, 0.999999218922737, 0.037037037037037035)
(-1, 1, 0.000129615306146697, 0.999999159993734, 0.03571428571428571)
(1, -1, 0.000134244424196037, 0.999999098921859, 0.034482758620689655)
(-1, 1, 0.000138873542242499, 0.999999035707112, 0.03333333333333333)
(-1, -1, 0.000143502660285986, 0.999998970349494, 0.03225806451612903)
(-1, 1, 0.000148131778326397, 0.999998902849005, 0.03125)
(-1, -1, 0.000152760896363635, 0.999998833205645, 0.030303030303030304)
(-1, 1, 0.000157390014397598, 0.999998761419414, 0.029411764705882353)
(-1, -1, 0.000162019132428190, 0.999998687490312, 0.02857142857142857)
(1, 1, 0.000166648250455309, 0.999998611418340, 0.027777777777777776)
(-1, -1, 0.000171277368478857, 0.999998533203497, 0.02702702702702703)
(1, 1, 0.000175906486498735, 0.999998452845783, 0.02631578947368421)
(-1, -1, 0.000180535604514844, 0.999998370345200, 0.02564102564102564)
(-1, 1, 0.000185164722527083, 0.999998285701747, 0.025)
(-1, -1, 0.000189793840535356, 0.999998198915424, 0.024390243902439025)
(1, 1, 0.000194422958539560, 0.999998109986231, 0.023809523809523808)
(1, -1, 0.000199052076539599, 0.999998018914169, 0.023255813953488372)
(-1, 1, 0.000203681194535373, 0.999997925699238, 0.022727272727272728)
(1, -1, 0.000208310312526781, 0.999997830341438, 0.022222222222222223)
(-1, 1, 0.000212939430513726, 0.999997732840769, 0.021739130434782608)
(1, -1, 0.000217568548496108, 0.999997633197232, 0.02127659574468085)
(1, 1, 0.000222197666473828, 0.999997531410826, 0.020833333333333332)
(1, -1, 0.000226826784446786, 0.999997427481552, 0.02040816326530612)
(-1, 1, 0.000231455902414883, 0.999997321409410, 0.02)
(1, -1, 0.000236085020378021, 0.999997213194400, 0.0196078431372549)
(-1, 1, 0.000240714138336100, 0.999997102836523, 0.019230769230769232)
(1, -1, 0.000245343256289020, 0.999996990335779, 0.018867924528301886)
(-1, 1, 0.000249972374236684, 0.999996875692168, 0.018518518518518517)
(-1, -1, 0.000254601492178990, 0.999996758905690, 0.01818181818181818)
(1, 1, 0.000259230610115841, 0.999996639976345, 0.017857142857142856)
(-1, -1, 0.000263859728047137, 0.999996518904135, 0.017543859649122806)
(-1, 1, 0.000268488845972778, 0.999996395689058, 0.017241379310344827)
(-1, -1, 0.000273117963892667, 0.999996270331116, 0.01694915254237288)
(1, 1, 0.000277747081806702, 0.999996142830308, 0.016666666666666666)
(1, -1, 0.000282376199714786, 0.999996013186635, 0.01639344262295082)
(1, 1, 0.000287005317616819, 0.999995881400097, 0.016129032258064516)
(-1, -1, 0.000291634435512702, 0.999995747470695, 0.015873015873015872)
(1, 1, 0.000296263553402336, 0.999995611398428, 0.015625)
(-1, -1, 0.000300892671285620, 0.999995473183297, 0.015384615384615385)
(1, 1, 0.000305521789162457, 0.999995332825303, 0.015151515151515152)
(-1, -1, 0.000310150907032748, 0.999995190324445, 0.014925373134328358)
(1, 1, 0.000314780024896392, 0.999995045680724, 0.014705882352941176)
(1, -1, 0.000319409142753290, 0.999994898894140, 0.014492753623188406)
(1, 1, 0.000324038260603345, 0.999994749964693, 0.014285714285714285)
(1, -1, 0.000328667378446455, 0.999994598892385, 0.014084507042253521)
(-1, 1, 0.000333296496282523, 0.999994445677214, 0.013888888888888888)
(-1, -1, 0.000337925614111448, 0.999994290319182, 0.0136986301369863)
(1, 1, 0.000342554731933132, 0.999994132818289, 0.013513513513513514)
(1, -1, 0.000347183849747476, 0.999993973174535, 0.013333333333333334)
(-1, 1, 0.000351812967554380, 0.999993811387921, 0.013157894736842105)
(1, -1, 0.000356442085353745, 0.999993647458446, 0.012987012987012988)
(1, 1, 0.000361071203145471, 0.999993481386112, 0.01282051282051282)
(-1, -1, 0.000365700320929461, 0.999993313170918, 0.012658227848101266)
(1, 1, 0.000370329438705614, 0.999993142812865, 0.0125)
(1, -1, 0.000374958556473831, 0.999992970311953, 0.012345679012345678)
(1, 1, 0.000379587674234014, 0.999992795668183, 0.012195121951219513)
(-1, -1, 0.000384216791986062, 0.999992618881555, 0.012048192771084338)
(-1, 1, 0.000388845909729877, 0.999992439952069, 0.011904761904761904)
(1, -1, 0.000393475027465360, 0.999992258879726, 0.011764705882352941)
(-1, 1, 0.000398104145192411, 0.999992075664526, 0.011627906976744186)
(1, -1, 0.000402733262910931, 0.999991890306470, 0.011494252873563218)
(1, 1, 0.000407362380620821, 0.999991702805558, 0.011363636363636364)
(1, -1, 0.000411991498321982, 0.999991513161790, 0.011235955056179775)
(-1, 1, 0.000416620616014314, 0.999991321375167, 0.011111111111111112)
(1, -1, 0.000421249733697719, 0.999991127445689, 0.01098901098901099)
(1, 1, 0.000425878851372097, 0.999990931373356, 0.010869565217391304)
(-1, -1, 0.000430507969037348, 0.999990733158170, 0.010752688172043012)
(-1, 1, 0.000435137086693375, 0.999990532800130, 0.010638297872340425)
(-1, -1, 0.000439766204340077, 0.999990330299237, 0.010526315789473684)
(-1, 1, 0.000444395321977356, 0.999990125655491, 0.010416666666666666)
(1, -1, 0.000449024439605111, 0.999989918868893, 0.010309278350515464)
(-1, 1, 0.000453653557223245, 0.999989709939443, 0.01020408163265306)
(-1, -1, 0.000458282674831657, 0.999989498867141, 0.010101010101010102)
(1, 1, 0.000462911792430249, 0.999989285651989, 0.01)
(-1, -1, 0.000467540910018921, 0.999989070293986, 0.009900990099009901)
(-1, 1, 0.000472170027597575, 0.999988852793134, 0.00980392156862745)
(1, -1, 0.000476799145166110, 0.999988633149431, 0.009708737864077669)
(1, 1, 0.000481428262724429, 0.999988411362880, 0.009615384615384616)
(-1, -1, 0.000486057380272431, 0.999988187433480, 0.009523809523809525)
(-1, 1, 0.000490686497810017, 0.999987961361232, 0.009433962264150943)
(1, -1, 0.000495315615337089, 0.999987733146136, 0.009345794392523364)
(1, 1, 0.000499944732853546, 0.999987502788193, 0.009259259259259259)
(1, -1, 0.000504573850359291, 0.999987270287404, 0.009174311926605505)
(1, 1, 0.000509202967854223, 0.999987035643768, 0.00909090909090909)
(-1, -1, 0.000513832085338243, 0.999986798857287, 0.009009009009009009)
(-1, 1, 0.000518461202811253, 0.999986559927961, 0.008928571428571428)
(-1, -1, 0.000523090320273152, 0.999986318855790, 0.008849557522123894)
(1, 1, 0.000527719437723843, 0.999986075640775, 0.008771929824561403)
(1, -1, 0.000532348555163225, 0.999985830282916, 0.008695652173913044)
(1, 1, 0.000536977672591200, 0.999985582782214, 0.008620689655172414)
(-1, -1, 0.000541606790007667, 0.999985333138670, 0.008547008547008548)
(1, 1, 0.000546235907412529, 0.999985081352283, 0.00847457627118644)
(-1, -1, 0.000550865024805686, 0.999984827423056, 0.008403361344537815)
(-1, 1, 0.000555494142187039, 0.999984571350987, 0.008333333333333333)
(1, -1, 0.000560123259556488, 0.999984313136078, 0.008264462809917356)
(-1, 1, 0.000564752376913934, 0.999984052778329, 0.00819672131147541)
(-1, -1, 0.000569381494259278, 0.999983790277741, 0.008130081300813009)
(-1, 1, 0.000574010611592421, 0.999983525634314, 0.008064516129032258)
(1, -1, 0.000578639728913264, 0.999983258848049, 0.008)
(1, 1, 0.000583268846221707, 0.999982989918946, 0.007936507936507936)
(-1, -1, 0.000587897963517652, 0.999982718847007, 0.007874015748031496)
(-1, 1, 0.000592527080800998, 0.999982445632231, 0.0078125)
(1, -1, 0.000597156198071648, 0.999982170274619, 0.007751937984496124)
(1, 1, 0.000601785315329501, 0.999981892774172, 0.007692307692307693)
(1, -1, 0.000606414432574459, 0.999981613130891, 0.007633587786259542)
(-1, 1, 0.000611043549806422, 0.999981331344775, 0.007575757575757576)
(1, -1, 0.000615672667025291, 0.999981047415826, 0.007518796992481203)
(1, 1, 0.000620301784230967, 0.999980761344044, 0.007462686567164179)
(1, -1, 0.000624930901423351, 0.999980473129430, 0.007407407407407408)
(-1, 1, 0.000629560018602343, 0.999980182771985, 0.007352941176470588)
(1, -1, 0.000634189135767845, 0.999979890271708, 0.0072992700729927005)
(-1, 1, 0.000638818252919757, 0.999979595628601, 0.007246376811594203)
(1, -1, 0.000643447370057979, 0.999979298842665, 0.007194244604316547)
(-1, 1, 0.000648076487182414, 0.999978999913899, 0.007142857142857143)
(1, -1, 0.000652705604292961, 0.999978698842305, 0.0070921985815602835)
(-1, 1, 0.000657334721389521, 0.999978395627883, 0.007042253521126761)
(1, -1, 0.000661963838471996, 0.999978090270634, 0.006993006993006993)
(1, 1, 0.000666592955540285, 0.999977782770558, 0.006944444444444444)
(1, -1, 0.000671222072594290, 0.999977473127657, 0.006896551724137931)
(1, 1, 0.000675851189633912, 0.999977161341931, 0.00684931506849315)
(1, -1, 0.000680480306659051, 0.999976847413380, 0.006802721088435374)
(-1, 1, 0.000685109423669608, 0.999976531342005, 0.006756756756756757)
(1, -1, 0.000689738540665484, 0.999976213127807, 0.006711409395973154)
(-1, 1, 0.000694367657646580, 0.999975892770787, 0.006666666666666667)
(1, -1, 0.000698996774612797, 0.999975570270945, 0.006622516556291391)
(1, 1, 0.000703625891564035, 0.999975245628281, 0.006578947368421052)
(1, -1, 0.000708255008500195, 0.999974918842798, 0.006535947712418301)
(-1, 1, 0.000712884125421178, 0.999974589914494, 0.006493506493506494)
(-1, -1, 0.000717513242326885, 0.999974258843372, 0.0064516129032258064)
(-1, 1, 0.000722142359217217, 0.999973925629432, 0.00641025641025641)
(1, -1, 0.000726771476092074, 0.999973590272674, 0.006369426751592357)
(1, 1, 0.000731400592951357, 0.999973252773099, 0.006329113924050633)
(1, -1, 0.000736029709794967, 0.999972913130708, 0.006289308176100629)
(-1, 1, 0.000740658826622805, 0.999972571345501, 0.00625)
(-1, -1, 0.000745287943434772, 0.999972227417480, 0.006211180124223602)
(-1, 1, 0.000749917060230768, 0.999971881346645, 0.006172839506172839)
(-1, -1, 0.000754546177010694, 0.999971533132997, 0.006134969325153374)
(-1, 1, 0.000759175293774451, 0.999971182776536, 0.006097560975609756)
(-1, -1, 0.000763804410521941, 0.999970830277264, 0.006060606060606061)
(1, 1, 0.000768433527253062, 0.999970475635181, 0.006024096385542169)
(1, -1, 0.000773062643967718, 0.999970118850288, 0.005988023952095809)
(1, 1, 0.000777691760665807, 0.999969759922585, 0.005952380952380952)
(1, -1, 0.000782320877347231, 0.999969398852073, 0.005917159763313609)
(-1, 1, 0.000786949994011892, 0.999969035638754, 0.0058823529411764705)
(-1, -1, 0.000791579110659689, 0.999968670282628, 0.005847953216374269)
(1, 1, 0.000796208227290523, 0.999968302783695, 0.005813953488372093)
(-1, -1, 0.000800837343904296, 0.999967933141957, 0.005780346820809248)
(-1, 1, 0.000805466460500908, 0.999967561357414, 0.005747126436781609)
(-1, -1, 0.000810095577080260, 0.999967187430068, 0.005714285714285714)
(-1, 1, 0.000814724693642252, 0.999966811359918, 0.005681818181818182)
(-1, -1, 0.000819353810186786, 0.999966433146966, 0.005649717514124294)
(-1, 1, 0.000823982926713762, 0.999966052791212, 0.0056179775280898875)
(-1, -1, 0.000828612043223081, 0.999965670292658, 0.00558659217877095)
(1, 1, 0.000833241159714644, 0.999965285651303, 0.005555555555555556)
