458.645114514768
(1, -1, 6.05280350031233e-6, 0.999999998168179, 1.0)
(1, 1, 0.0000121056070004029, 0.999999992672714, 0.5)
(-1, -1, 0.0000181584105000500, 0.999999983513606, 0.3333333333333333)
(1, 1, 0.0000242112139990318, 0.999999970690856, 0.25)
(1, -1, 0.0000302640174971266, 0.999999954204463, 0.2)
(-1, 1, 0.0000363168209941126, 0.999999934054426, 0.16666666666666666)
(-1, -1, 0.0000423696244897682, 0.999999910240747, 0.14285714285714285)
(1, 1, 0.0000484224279838714, 0.999999882763426, 0.125)
(1, -1, 0.0000544752314762006, 0.999999851622461, 0.1111111111111111)
(1, 1, 0.0000605280349665341, 0.999999816817855, 0.1)
(1, -1, 0.0000665808384546500, 0.999999778349605, 0.09090909090909091)
(-1, 1, 0.0000726336419403266, 0.999999736217714, 0.08333333333333333)
(-1, -1, 0.0000786864454233422, 0.999999690422181, 0.07692307692307693)
(-1, 1, 0.0000847392489034750, 0.999999640963005, 0.07142857142857142)
(-1, -1, 0.0000907920523805032, 0.999999587840188, 0.06666666666666667)
(1, 1, 0.0000968448558542052, 0.999999531053730, 0.0625)
(1, -1, 0.000102897659324359, 0.999999470603630, 0.058823529411764705)
(1, 1, 0.000108950462790743, 0.999999406489889, 0.05555555555555555)
(1, -1, 0.000115003266253136, 0.999999338712508, 0.05263157894736842)
(1, 1, 0.000121056069711315, 0.999999267271485, 0.05)
(1, -1, 0.000127108873165059, 0.999999192166823, 0.047619047619047616)
(1, 1, 0.000133161676614147, 0.999999113398520, 0.045454545454545456)
(-1, -1, 0.000139214480058355, 0.999999030966577, 0.043478260869565216)
(-1, 1, 0.000145267283497464, 0.999998944870995, 0.041666666666666664)
(1, -1, 0.000151320086931250, 0.999998855111774, 0.04)
(-1, 1, 0.000157372890359493, 0.999998761688914, 0.038461538461538464)
(-1, -1, 0.000163425693781970, 0.999998664602416, 0.037037037037037035)
(-1, 1, 0.000169478497198459, 0.999998563852279, 0.03571428571428571)
(-1, -1, 0.000175531300608740, 0.999998459438505, 0.034482758620689655)
(-1, 1, 0.000181584104012590, 0.999998351361093, 0.03333333333333333)
(1, -1, 0.000187636907409787, 0.999998239620045, 0.03225806451612903)
(1, 1, 0.000193689710800110, 0.999998124215359, 0.03125)
(-1, -1, 0.000199742514183336, 0.999998005147038, 0.030303030303030304)
(1, 1, 0.000205795317559245, 0.999997882415081, 0.029411764705882353)
(-1, -1, 0.000211848120927614, 0.999997756019489, 0.02857142857142857)
(1, 1, 0.000217900924288222, 0.999997625960262, 0.027777777777777776)
(-1, -1, 0.000223953727640847, 0.999997492237400, 0.02702702702702703)
(1, 1, 0.000230006530985267, 0.999997354850905, 0.02631578947368421)
(1, -1, 0.000236059334321260, 0.999997213800776, 0.02564102564102564)
(1, 1, 0.000242112137648605, 0.999997069087015, 0.025)
(-1, -1, 0.000248164940967080, 0.999996920709621, 0.024390243902439025)
(1, 1, 0.000254217744276463, 0.999996768668595, 0.023809523809523808)
(-1, -1, 0.000260270547576532, 0.999996612963939, 0.023255813953488372)
(1, 1, 0.000266323350867066, 0.999996453595651, 0.022727272727272728)
(1, -1, 0.000272376154147843, 0.999996290563734, 0.022222222222222223)
(-1, 1, 0.000278428957418641, 0.999996123868187, 0.021739130434782608)
(1, -1, 0.000284481760679238, 0.999995953509012, 0.02127659574468085)
(-1, 1, 0.000290534563929413, 0.999995779486208, 0.020833333333333332)
(1, -1, 0.000296587367168943, 0.999995601799777, 0.02040816326530612)
(1, 1, 0.000302640170397608, 0.999995420449719, 0.02)
(-1, -1, 0.000308692973615185, 0.999995235436034, 0.0196078431372549)
(-1, 1, 0.000314745776821453, 0.999995046758724, 0.019230769230769232)
(-1, -1, 0.000320798580016189, 0.999994854417789, 0.018867924528301886)
(-1, 1, 0.000326851383199173, 0.999994658413230, 0.018518518518518517)
(1, -1, 0.000332904186370182, 0.999994458745048, 0.01818181818181818)
(-1, 1, 0.000338956989528995, 0.999994255413242, 0.017857142857142856)
(-1, -1, 0.000345009792675389, 0.999994048417815, 0.017543859649122806)
(-1, 1, 0.000351062595809143, 0.999993837758767, 0.017241379310344827)
(1, -1, 0.000357115398930036, 0.999993623436098, 0.01694915254237288)
(-1, 1, 0.000363168202037846, 0.999993405449810, 0.016666666666666666)
(-1, -1, 0.000369221005132350, 0.999993183799902, 0.01639344262295082)
(1, 1, 0.000375273808213327, 0.999992958486377, 0.016129032258064516)
(-1, -1, 0.000381326611280555, 0.999992729509234, 0.015873015873015872)
(1, 1, 0.000387379414333813, 0.999992496868475, 0.015625)
(-1, -1, 0.000393432217372879, 0.999992260564101, 0.015384615384615385)
(-1, 1, 0.000399485020397531, 0.999992020596111, 0.015151515151515152)
(-1, -1, 0.000405537823407547, 0.999991776964508, 0.014925373134328358)
(1, 1, 0.000411590626402706, 0.999991529669292, 0.014705882352941176)
(1, -1, 0.000417643429382786, 0.999991278710464, 0.014492753623188406)
(-1, 1, 0.000423696232347564, 0.999991024088025, 0.014285714285714285)
(1, -1, 0.000429749035296820, 0.999990765801976, 0.014084507042253521)
(1, 1, 0.000435801838230331, 0.999990503852318, 0.013888888888888888)
(1, -1, 0.000441854641147877, 0.999990238239052, 0.0136986301369863)
(-1, 1, 0.000447907444049234, 0.999989968962178, 0.013513513513513514)
(-1, -1, 0.000453960246934181, 0.999989696021698, 0.013333333333333334)
(1, 1, 0.000460013049802497, 0.999989419417612, 0.013157894736842105)
(-1, -1, 0.000466065852653960, 0.999989139149923, 0.012987012987012988)
(1, 1, 0.000472118655488348, 0.999988855218630, 0.01282051282051282)
(-1, -1, 0.000478171458305439, 0.999988567623735, 0.012658227848101266)
(1, 1, 0.000484224261105011, 0.999988276365239, 0.0125)
(1, -1, 0.000490277063886843, 0.999987981443143, 0.012345679012345678)
(-1, 1, 0.000496329866650714, 0.999987682857448, 0.012195121951219513)
(1, -1, 0.000502382669396400, 0.999987380608154, 0.012048192771084338)
(1, 1, 0.000508435472123681, 0.999987074695265, 0.011904761904761904)
(1, -1, 0.000514488274832335, 0.999986765118779, 0.011764705882352941)
(-1, 1, 0.000520541077522140, 0.999986451878699, 0.011627906976744186)
(1, -1, 0.000526593880192874, 0.999986134975026, 0.011494252873563218)
(1, 1, 0.000532646682844315, 0.999985814407760, 0.011363636363636364)
(1, -1, 0.000538699485476242, 0.999985490176903, 0.011235955056179775)
(1, 1, 0.000544752288088433, 0.999985162282456, 0.011111111111111112)
(1, -1, 0.000550805090680667, 0.999984830724421, 0.01098901098901099)
(-1, 1, 0.000556857893252721, 0.999984495502799, 0.010869565217391304)
(-1, -1, 0.000562910695804373, 0.999984156617590, 0.010752688172043012)
(1, 1, 0.000568963498335403, 0.999983814068796, 0.010638297872340425)
(1, -1, 0.000575016300845587, 0.999983467856418, 0.010526315789473684)
(-1, 1, 0.000581069103334706, 0.999983117980458, 0.010416666666666666)
(1, -1, 0.000587121905802535, 0.999982764440917, 0.010309278350515464)
(1, 1, 0.000593174708248855, 0.999982407237796, 0.01020408163265306)
(1, -1, 0.000599227510673443, 0.999982046371096, 0.010101010101010102)
(1, 1, 0.000605280313076078, 0.999981681840819, 0.01)
(-1, -1, 0.000611333115456537, 0.999981313646966, 0.009900990099009901)
(-1, 1, 0.000617385917814599, 0.999980941789539, 0.00980392156862745)
(-1, -1, 0.000623438720150042, 0.999980566268538, 0.009708737864077669)
(-1, 1, 0.000629491522462645, 0.999980187083966, 0.009615384615384616)
(1, -1, 0.000635544324752185, 0.999979804235823, 0.009523809523809525)
(-1, 1, 0.000641597127018441, 0.999979417724111, 0.009433962264150943)
(-1, -1, 0.000647649929261192, 0.999979027548832, 0.009345794392523364)
(-1, 1, 0.000653702731480215, 0.999978633709986, 0.009259259259259259)
(1, -1, 0.000659755533675288, 0.999978236207576, 0.009174311926605505)
(1, 1, 0.000665808335846191, 0.999977835041602, 0.00909090909090909)
(1, -1, 0.000671861137992701, 0.999977430212067, 0.009009009009009009)
(-1, 1, 0.000677913940114595, 0.999977021718971, 0.008928571428571428)
(1, -1, 0.000683966742211654, 0.999976609562316, 0.008849557522123894)
(-1, 1, 0.000690019544283655, 0.999976193742104, 0.008771929824561403)
(-1, -1, 0.000696072346330376, 0.999975774258336, 0.008695652173913044)
(-1, 1, 0.000702125148351595, 0.999975351111014, 0.008620689655172414)
(-1, -1, 0.000708177950347090, 0.999974924300139, 0.008547008547008548)
(1, 1, 0.000714230752316641, 0.999974493825713, 0.00847457627118644)
(-1, -1, 0.000720283554260025, 0.999974059687738, 0.008403361344537815)
(-1, 1, 0.000726336356177020, 0.999973621886214, 0.008333333333333333)
(1, -1, 0.000732389158067405, 0.999973180421144, 0.008264462809917356)
(-1, 1, 0.000738441959930958, 0.999972735292530, 0.00819672131147541)
(1, -1, 0.000744494761767456, 0.999972286500372, 0.008130081300813009)
(1, 1, 0.000750547563576680, 0.999971834044673, 0.008064516129032258)
(1, -1, 0.000756600365358405, 0.999971377925434, 0.008)
(-1, 1, 0.000762653167112412, 0.999970918142656, 0.007936507936507936)
(1, -1, 0.000768705968838478, 0.999970454696343, 0.007874015748031496)
(1, 1, 0.000774758770536381, 0.999969987586494, 0.0078125)
(1, -1, 0.000780811572205900, 0.999969516813113, 0.007751937984496124)
(-1, 1, 0.000786864373846812, 0.999969042376200, 0.007692307692307693)
(-1, -1, 0.000792917175458897, 0.999968564275757, 0.007633587786259542)
(-1, 1, 0.000798969977041932, 0.999968082511787, 0.007575757575757576)
(-1, -1, 0.000805022778595695, 0.999967597084290, 0.007518796992481203)
(-1, 1, 0.000811075580119966, 0.999967107993270, 0.007462686567164179)
(-1, -1, 0.000817128381614522, 0.999966615238726, 0.007407407407407408)
(1, 1, 0.000823181183079140, 0.999966118820662, 0.007352941176470588)
(-1, -1, 0.000829233984513601, 0.999965618739080, 0.0072992700729927005)
(1, 1, 0.000835286785917681, 0.999965114993980, 0.007246376811594203)
(-1, -1, 0.000841339587291159, 0.999964607585364, 0.007194244604316547)
(-1, 1, 0.000847392388633814, 0.999964096513236, 0.007142857142857143)
(-1, -1, 0.000853445189945423, 0.999963581777596, 0.0070921985815602835)
(1, 1, 0.000859497991225766, 0.999963063378446, 0.007042253521126761)
(-1, -1, 0.000865550792474619, 0.999962541315789, 0.006993006993006993)
(1, 1, 0.000871603593691761, 0.999962015589626, 0.006944444444444444)
(-1, -1, 0.000877656394876971, 0.999961486199959, 0.006896551724137931)
(1, 1, 0.000883709196030027, 0.999960953146790, 0.00684931506849315)
(-1, -1, 0.000889761997150706, 0.999960416430121, 0.006802721088435374)
(-1, 1, 0.000895814798238789, 0.999959876049955, 0.006756756756756757)
(1, -1, 0.000901867599294051, 0.999959332006292, 0.006711409395973154)
(-1, 1, 0.000907920400316273, 0.999958784299135, 0.006666666666666667)
(-1, -1, 0.000913973201305231, 0.999958232928486, 0.006622516556291391)
(1, 1, 0.000920026002260705, 0.999957677894347, 0.006578947368421052)
(1, -1, 0.000926078803182472, 0.999957119196720, 0.006535947712418301)
(-1, 1, 0.000932131604070312, 0.999956556835607, 0.006493506493506494)
(1, -1, 0.000938184404924001, 0.999955990811011, 0.0064516129032258064)
(1, 1, 0.000944237205743318, 0.999955421122932, 0.00641025641025641)
(1, -1, 0.000950290006528042, 0.999954847771374, 0.006369426751592357)
(-1, 1, 0.000956342807277951, 0.999954270756339, 0.006329113924050633)
(1, -1, 0.000962395607992822, 0.999953690077827, 0.006289308176100629)
(1, 1, 0.000968448408672435, 0.999953105735843, 0.00625)
(1, -1, 0.000974501209316568, 0.999952517730387, 0.006211180124223602)
(1, 1, 0.000980554009924998, 0.999951926061462, 0.006172839506172839)
(-1, -1, 0.000986606810497504, 0.999951330729070, 0.006134969325153374)
(-1, 1, 0.000992659611033864, 0.999950731733214, 0.006097560975609756)
(-1, -1, 0.000998712411533857, 0.999950129073895, 0.006060606060606061)
(1, 1, 0.00100476521199726, 0.999949522751116, 0.006024096385542169)
(-1, -1, 0.00101081801242385, 0.999948912764879, 0.005988023952095809)
(1, 1, 0.00101687081281341, 0.999948299115185, 0.005952380952380952)
(1, -1, 0.00102292361316572, 0.999947681802038, 0.005917159763313609)
(1, 1, 0.00102897641348055, 0.999947060825440, 0.0058823529411764705)
(1, -1, 0.00103502921375768, 0.999946436185393, 0.005847953216374269)
(-1, 1, 0.00104108201399689, 0.999945807881899, 0.005813953488372093)
(1, -1, 0.00104713481419796, 0.999945175914961, 0.005780346820809248)
