468.706524626573
(1, -1, 5.79572966771184e-6, 0.998027114161327, 1.0)
(-1, 1, 0.0000115914593352290, 0.992116241202374, 0.5)
(1, -1, 0.0000173871890023568, 0.982290704078249, 0.3333333333333333)
(1, 1, 0.0000231829186689005, 0.968589272115052, 0.25)
(-1, -1, 0.0000289786483346656, 0.951066008034964, 0.2)
(-1, 1, 0.0000347743779994572, 0.929790054637084, 0.16666666666666666)
(1, -1, 0.0000405701076630807, 0.904845361975740, 0.14285714285714285)
(-1, 1, 0.0000463658373253415, 0.876330356112734, 0.125)
(1, -1, 0.0000521615669860448, 0.844357550750581, 0.1111111111111111)
(1, 1, 0.0000579572966449960, 0.809053103279123, 0.1)
(-1, -1, 0.0000637530263020003, 0.770556316987277, 0.09090909090909091)
(1, 1, 0.0000695487559568632, 0.729019091404064, 0.08333333333333333)
(-1, -1, 0.0000753444856093899, 0.684605322937744, 0.07692307692307693)
(-1, 1, 0.0000811402152593857, 0.637490258178016, 0.07142857142857142)
(-1, -1, 0.0000869359449066560, 0.587859802412985, 0.06666666666666667)
(1, 1, 0.0000927316745510061, 0.535909786089343, 0.0625)
(1, -1, 0.0000985274041922413, 0.481845192110138, 0.058823529411764705)
(-1, 1, 0.000104323133830167, 0.425879347019039, 0.05555555555555555)
(-1, -1, 0.000110118863464588, 0.368233079262506, 0.05263157894736842)
(-1, 1, 0.000115914593095311, 0.309133847851158, 0.05)
(1, -1, 0.000121710322722139, 0.248814844858449, 0.047619047619047616)
(1, 1, 0.000127506052344880, 0.187514075297995, 0.045454545454545456)
(1, -1, 0.000133301781963337, 0.125473418010126, 0.043478260869565216)
(-1, 1, 0.000139097511577317, 0.0629376712632128, 0.041666666666666664)
(1, -1, 0.000144893241186624, 0.000153586835591500, 0.04)
(1, 1, 0.000150688970791065, -0.0626311036106161, 0.038461538461538464)
(1, -1, 0.000156484700390444, -0.125168666022076, 0.037037037037037035)
(1, 1, 0.000162280429984566, -0.187212341456254, 0.03571428571428571)
(-1, -1, 0.000168076159573237, -0.248517319735865, 0.034482758620689655)
(1, 1, 0.000173871889156262, -0.308841705413932, 0.03333333333333333)
(1, -1, 0.000179667618733447, -0.367947472237994, 0.03225806451612903)
(-1, 1, 0.000185463348304597, -0.425601402347348, 0.03125)
(-1, -1, 0.000191259077869517, -0.481576006497482, 0.030303030303030304)
(-1, 1, 0.000197054807428013, -0.535650421680688, 0.029411764705882353)
(-1, -1, 0.000202850536979889, -0.587611282601069, 0.02857142857142857)
(1, 1, 0.000208646266524952, -0.637253563565274, 0.027777777777777776)
(1, -1, 0.000214441996063006, -0.684381387467075, 0.02702702702702703)
(1, 1, 0.000220237725593857, -0.728808798673706, 0.02631578947368421)
(-1, -1, 0.000226033455117310, -0.770360496764329, 0.02564102564102564)
(1, 1, 0.000231829184633170, -0.808872528225475, 0.025)
(1, -1, 0.000237624914141243, -0.844192933374165, 0.024390243902439025)
(-1, 1, 0.000243420643641335, -0.876182345956132, 0.023809523809523808)
(1, -1, 0.000249216373133249, -0.904714543053235, 0.023255813953488372)
(-1, 1, 0.000255012102616792, -0.929676943130276, 0.022727272727272728)
(-1, -1, 0.000260807832091770, -0.950971050256032, 0.022222222222222223)
(-1, 1, 0.000266603561557986, -0.968512842745712, 0.021739130434782608)
(1, -1, 0.000272399291015248, -0.982233104691341, 0.02127659574468085)
(1, 1, 0.000278195020463359, -0.992077699071928, 0.020833333333333332)
(1, -1, 0.000283990749902126, -0.998007781365790, 0.02040816326530612)
(-1, 1, 0.000289786479331353, -0.999999952822168, 0.02)
(1, -1, 0.000295582208750846, -0.998046352787353, 0.0196078431372549)
(-1, 1, 0.000301377938160410, -0.992154689721033, 0.019230769230769232)
(-1, -1, 0.000307173667559851, -0.982348210780465, 0.018867924528301886)
(-1, 1, 0.000312969396948974, -0.968665610092508, 0.018518518518518517)
(1, -1, 0.000318765126327584, -0.951160876075430, 0.01818181818181818)
(-1, 1, 0.000324560855695487, -0.929903078412934, 0.017857142857142856)
(-1, -1, 0.000330356585052487, -0.904976095520959, 0.017543859649122806)
(1, 1, 0.000336152314398390, -0.876478283582604, 0.017241379310344827)
(1, -1, 0.000341948043733003, -0.844522088457079, 0.01694915254237288)
(-1, 1, 0.000347743773056128, -0.809233601994028, 0.016666666666666666)
(-1, -1, 0.000353539502367573, -0.770752064503872, 0.01639344262295082)
(-1, 1, 0.000359335231667143, -0.729229315347341, 0.016129032258064516)
(1, -1, 0.000365130960954642, -0.684829193812022, 0.015873015873015872)
(1, 1, 0.000370926690229876, -0.637726892639941, 0.015625)
(1, -1, 0.000376722419492651, -0.588108266756999, 0.015384615384615385)
(1, 1, 0.000382518148742771, -0.536169099931875, 0.015151515151515152)
(1, -1, 0.000388313877980043, -0.482114332257971, 0.014925373134328358)
(1, 1, 0.000394109607204270, -0.426157251506601, 0.014705882352941176)
(1, -1, 0.000399905336415260, -0.368518651542142, 0.014492753623188406)
(1, 1, 0.000405701065612816, -0.309425961119853, 0.014285714285714285)
(-1, -1, 0.000411496794796745, -0.249112346503943, 0.014084507042253521)
(-1, 1, 0.000417292523966851, -0.187815791446720, 0.013888888888888888)
(-1, -1, 0.000423088253122940, -0.125778158159048, 0.0136986301369863)
(-1, 1, 0.000428883982264818, -0.0632442329772840, 0.013513513513513514)
(1, -1, 0.000434679711392289, -0.000460760492282367, 0.013333333333333334)
(-1, 1, 0.000440475440505159, 0.0623245300484197, 0.013157894736842105)
(-1, -1, 0.000446271169603233, 0.124863902223653, 0.012987012987012988)
(1, 1, 0.000452066898686317, 0.186910589949969, 0.01282051282051282)
(-1, -1, 0.000457862627754215, 0.248219771164264, 0.012658227848101266)
(-1, 1, 0.000463658356806734, 0.308549533835743, 0.0125)
(1, -1, 0.000469454085843678, 0.367661830495554, 0.012345679012345678)
(-1, 1, 0.000475249814864853, 0.425323417517754, 0.012195121951219513)
(1, -1, 0.000481045543870065, 0.481306775445402, 0.012048192771084338)
(1, 1, 0.000486841272859117, 0.535391006730382, 0.011904761904761904)
(-1, -1, 0.000492637001831817, 0.587362707344700, 0.011764705882352941)
(-1, 1, 0.000498432730787968, 0.637016808824048, 0.011627906976744186)
(-1, -1, 0.000504228459727377, 0.684157387421145, 0.011494252873563218)
(1, 1, 0.000510024188649849, 0.728598437176109, 0.011363636363636364)
(-1, -1, 0.000515819917555188, 0.770164603853505, 0.011235955056179775)
(1, 1, 0.000521615646443201, 0.808691876850122, 0.011111111111111112)
(-1, -1, 0.000527411375313693, 0.844028236343364, 0.01098901098901099)
(1, 1, 0.000533207104166469, 0.876034253126763, 0.010869565217391304)
(1, -1, 0.000539002833001334, 0.904583638765789, 0.010752688172043012)
(-1, 1, 0.000544798561818093, 0.929563743903183, 0.010638297872340425)
(1, -1, 0.000550594290616553, 0.950876002747596, 0.010526315789473684)
(-1, 1, 0.000556390019396518, 0.968436321991700, 0.010416666666666666)
(-1, -1, 0.000562185748157793, 0.982175412625176, 0.010309278350515464)
(-1, 1, 0.000567981476900185, 0.992039063333331, 0.01020408163265306)
(-1, -1, 0.000573777205623497, 0.997988354402565, 0.010101010101010102)
(1, 1, 0.000579572934327537, 0.999999811288676, 0.01)
(1, -1, 0.000585368663012108, 0.998065497242053, 0.009900990099009901)
(-1, 1, 0.000591164391677016, 0.992193044624277, 0.00980392156862745)
(-1, -1, 0.000596960120322066, 0.982405624792563, 0.009708737864077669)
(1, 1, 0.000602755848947065, 0.968741856670877, 0.009615384615384616)
(-1, -1, 0.000608551577551817, 0.951255654368480, 0.009523809523809525)
(1, 1, 0.000614347306136127, 0.930016014447161, 0.009433962264150943)
(-1, -1, 0.000620143034699801, 0.905106743676558, 0.009345794392523364)
(1, 1, 0.000625938763242644, 0.876626128351782, 0.009259259259259259)
(1, -1, 0.000631734491764461, 0.844686546478135, 0.009174311926605505)
(-1, 1, 0.000637530220265058, 0.809414024353159, 0.00909090909090909)
(1, -1, 0.000643325948744240, 0.770947739295644, 0.009009009009009009)
(1, 1, 0.000649121677201813, 0.729439470483702, 0.008928571428571428)
(1, -1, 0.000654917405637581, 0.685053000068788, 0.008849557522123894)
(1, 1, 0.000660713134051351, 0.637963466928722, 0.008771929824561403)
(-1, -1, 0.000666508862442926, 0.588356675609667, 0.008695652173913044)
(-1, 1, 0.000672304590812113, 0.536428363183814, 0.008620689655172414)
(-1, -1, 0.000678100319158718, 0.482383426915586, 0.008547008547008548)
(-1, 1, 0.000683896047482544, 0.426435115783813, 0.00847457627118644)
(1, -1, 0.000689691775783398, 0.368804189049955, 0.008403361344537815)
(1, 1, 0.000695487504061085, 0.309718045192457, 0.008333333333333333)
(1, -1, 0.000701283232315411, 0.249409824644276, 0.008264462809917356)
(1, 1, 0.000707078960546179, 0.188117489873961, 0.00819672131147541)
(1, -1, 0.000712874688753197, 0.126082886440089, 0.008130081300813009)
(1, 1, 0.000718670416936269, 0.0635507887239034, 0.008064516129032258)
(-1, -1, 0.000724466145095200, 0.000767934105498094, 0.008)
(-1, 1, 0.000730261873229797, -0.0620179506055509, 0.007936507936507936)
(1, -1, 0.000736057601339863, -0.124559126643614, 0.007874015748031496)
(-1, 1, 0.000741853329425205, -0.186608820807611, 0.0078125)
(1, -1, 0.000747649057485627, -0.247922199171722, 0.007751937984496124)
(-1, 1, 0.000753444785520936, -0.308257333144157, 0.007692307692307693)
(-1, -1, 0.000759240513530936, -0.367376154062137, 0.007633587786259542)
(-1, 1, 0.000765036241515433, -0.425045392556487, 0.007575757575757576)
(-1, -1, 0.000770831969474232, -0.481037498979301, 0.007518796992481203)
(-1, 1, 0.000776627697407139, -0.535131541262902, 0.007462686567164179)
(-1, -1, 0.000782423425313958, -0.587114076667333, 0.007407407407407408)
(-1, 1, 0.000788219153194495, -0.636779993976679, 0.007352941176470588)
(1, -1, 0.000794014881048555, -0.683933322821091, 0.0072992700729927005)
(-1, 1, 0.000799810608875944, -0.728388006931123, 0.007246376811594203)
(-1, -1, 0.000805606336676467, -0.769968638273288, 0.007194244604316547)
(-1, 1, 0.000811402064449930, -0.808511149170110, 0.007142857142857143)
(1, -1, 0.000817197792196137, -0.843863459673718, 0.0070921985815602835)
(1, 1, 0.000822993519914894, -0.875886077638599, 0.007042253521126761)
(1, -1, 0.000828789247606006, -0.904452649125752, 0.006993006993006993)
(1, 1, 0.000834584975269279, -0.929450456966484, 0.006944444444444444)
(1, -1, 0.000840380702904517, -0.950780865518623, 0.006896551724137931)
(1, 1, 0.000846176430511527, -0.968359709860235, 0.00684931506849315)
(1, -1, 0.000851972158090113, -0.982117627885198, 0.006802721088435374)
(1, 1, 0.000857767885640081, -0.992000333990230, 0.006756756756756757)
(1, -1, 0.000863563613161237, -0.997968833273486, 0.006711409395973154)
(-1, 1, 0.000869359340653385, -0.999999575399538, 0.006666666666666667)
(-1, -1, 0.000875155068116330, -0.998084547523620, 0.006622516556291391)
(1, 1, 0.000880950795549879, -0.992231305908487, 0.006578947368421052)
(1, -1, 0.000886746522953836, -0.982462946109125, 0.006535947712418301)
(1, 1, 0.000892542250328007, -0.968818011842964, 0.006493506493506494)
(-1, -1, 0.000898337977672197, -0.951350342905171, 0.0064516129032258064)
(-1, 1, 0.000904133704986212, -0.930128862729109, 0.00641025641025641)
(1, -1, 0.000909929432269856, -0.905237306430209, 0.006369426751592357)
(1, 1, 0.000915725159522935, -0.876773890406320, 0.006329113924050633)
(-1, -1, 0.000921520886745254, -0.844850924798230, 0.006289308176100629)
(1, 1, 0.000927316613936620, -0.809594370339492, 0.00625)
(1, -1, 0.000933112341096836, -0.771143341344129, 0.006211180124223602)
(-1, 1, 0.000938908068225708, -0.729649556793317, 0.006172839506172839)
(-1, -1, 0.000944703795323042, -0.685276741686922, 0.006134969325153374)
(1, 1, 0.000950499522388643, -0.638199981022036, 0.006097560975609756)
(1, -1, 0.000956295249422317, -0.588605028947550, 0.006060606060606061)
(-1, 1, 0.000962090976423867, -0.536687575820699, 0.006024096385542169)
(-1, -1, 0.000967886703393101, -0.482652476057592, 0.005988023952095809)
(-1, 1, 0.000973682430329823, -0.426712939824456, 0.005952380952380952)
(1, -1, 0.000979478157233839, -0.369089691759004, 0.005917159763313609)
(1, 1, 0.000985273884104953, -0.310010100041409, 0.0058823529411764705)
(-1, -1, 0.000991069610942972, -0.249707279251379, 0.005847953216374269)
(1, 1, 0.000996865337747700, -0.188419170551252, 0.005813953488372093)
(-1, -1, 0.00100266106451894, -0.126387602824495, 0.005780346820809248)
(1, 1, 0.00100845679125651, -0.0638573384741461, 0.005747126436781609)
