526.022472474132
(1, -1, 4.60152220511902e-6, 0.998026896005260, 1.0)
(1, 1, 9.20304441014062e-6, 0.992115370299787, 0.5)
(1, -1, 0.0000138045666149673, 0.982288750993550, 0.3333333333333333)
(1, 1, 0.0000184060888195018, 0.968585815970166, 0.25)
(1, -1, 0.0000230076110236465, 0.951060639861303, 0.2)
(1, 1, 0.0000276091332273040, 0.929782380656938, 0.16666666666666666)
(-1, -1, 0.0000322106554303769, 0.904835006793546, 0.14285714285714285)
(1, 1, 0.0000368121776327679, 0.876316965797184, 0.125)
(1, -1, 0.0000414136998343793, 0.844340795789076, 0.1111111111111111)
(1, 1, 0.0000460152220351139, 0.809032681386780, 0.1)
(1, -1, 0.0000506167442348741, 0.770531955753445, 0.09090909090909091)
(1, 1, 0.0000552182664335625, 0.728990550760166, 0.08333333333333333)
(-1, -1, 0.0000598197886310818, 0.684572397431220, 0.07692307692307693)
(-1, 1, 0.0000644213108273345, 0.637452779038154, 0.07142857142857142)
(1, -1, 0.0000690228330222231, 0.587817639395531, 0.06666666666666667)
(1, 1, 0.0000736243552156502, 0.535862849087967, 0.0625)
(1, -1, 0.0000782258774075184, 0.481793432524067, 0.058823529411764705)
(1, 1, 0.0000828273995977302, 0.425822758867460, 0.05555555555555555)
(-1, -1, 0.0000874289217861882, 0.368171700037709, 0.05263157894736842)
(1, 1, 0.0000920304439727950, 0.309067759103767, 0.05)
(-1, -1, 0.0000966319661574532, 0.248744172509560, 0.047619047619047616)
(1, 1, 0.000101233488340065, 0.187438989674459, 0.045454545454545456)
(-1, -1, 0.000105835010520534, 0.125394133600764, 0.043478260869565216)
(1, 1, 0.000110436532698761, 0.0628544461952193, 0.041666666666666664)
(1, -1, 0.000115038054874651, 0.0000667220719248897, 0.04)
(-1, 1, 0.000119639577048104, -0.0627212653505427, 0.038461538461538464)
(1, -1, 0.000124241099219024, -0.125261741614574, 0.037037037037037035)
(-1, 1, 0.000128842621387314, -0.187307908993069, 0.03571428571428571)
(-1, -1, 0.000133444143552875, -0.248614920404603, 0.034482758620689655)
(1, 1, 0.000138045665715611, -0.308940845630932, 0.03333333333333333)
(1, -1, 0.000142647187875424, -0.368047626023955, 0.03225806451612903)
(1, 1, 0.000147248710032216, -0.425702013934653, 0.03125)
(1, -1, 0.000151850232185891, -0.481676493156825, 0.030303030303030304)
(1, 1, 0.000156451754336350, -0.535750176753356, 0.029411764705882353)
(-1, -1, 0.000161053276483497, -0.587709678722017, 0.02857142857142857)
(1, 1, 0.000165654798627233, -0.637349956061010, 0.027777777777777776)
(-1, -1, 0.000170256320767462, -0.684475117911299, 0.02702702702702703)
(-1, 1, 0.000174857842904086, -0.728899198582687, 0.02631578947368421)
(-1, -1, 0.000179459365037007, -0.770446891413102, 0.02564102564102564)
(1, 1, 0.000184060887166129, -0.808954240565151, 0.025)
(-1, -1, 0.000188662409291353, -0.844269288029958, 0.024390243902439025)
(-1, 1, 0.000193263931412583, -0.876252673285069, 0.023809523809523808)
(-1, -1, 0.000197865453529720, -0.904778183240057, 0.023255813953488372)
(1, 1, 0.000202466975642668, -0.929733250299636, 0.022727272727272728)
(1, -1, 0.000207068497751328, -0.951019396578797, 0.022222222222222223)
(-1, 1, 0.000211670019855605, -0.968552622517028, 0.021739130434782608)
(1, -1, 0.000216271541955399, -0.982263738358049, 0.02127659574468085)
(1, 1, 0.000220873064050614, -0.992098637186985, 0.020833333333333332)
(1, -1, 0.000225474586141152, -0.998018508447500, 0.02040816326530612)
(1, 1, 0.000230076108226916, -0.999999991096330, 0.02)
(1, -1, 0.000234677630307808, -0.998035265790816, 0.0196078431372549)
(-1, 1, 0.000239279152383732, -0.992132085745654, 0.019230769230769232)
(1, -1, 0.000243880674454589, -0.982313746137102, 0.018867924528301886)
(1, 1, 0.000248482196520282, -0.968618992175368, 0.018518518518518517)
(1, -1, 0.000253083718580713, -0.951101866207948, 0.01818181818181818)
(-1, 1, 0.000257685240635786, -0.929831494457289, 0.017857142857142856)
(-1, -1, 0.000262286762685402, -0.904891814234331, 0.017543859649122806)
(-1, 1, 0.000266888284729465, -0.876381242704426, 0.017241379310344827)
(-1, -1, 0.000271489806767877, -0.844412288512730, 0.01694915254237288)
(1, 1, 0.000276091328800540, -0.809111107801690, 0.016666666666666666)
(-1, -1, 0.000280692850827357, -0.770617006372665, 0.01639344262295082)
(1, 1, 0.000285294372848231, -0.729081889956262, 0.016129032258064516)
(-1, -1, 0.000289895894863064, -0.684669664760728, 0.015873015873015872)
(1, 1, 0.000294497416871759, -0.637555590663961, 0.015625)
(-1, -1, 0.000299098938874218, -0.587925589601577, 0.015384615384615385)
(1, 1, 0.000303700460870344, -0.535975511880287, 0.015151515151515152)
(-1, -1, 0.000308301982860039, -0.481910363311849, 0.014925373134328358)
(1, 1, 0.000312903504843207, -0.425943496217497, 0.014705882352941176)
(-1, -1, 0.000317505026819749, -0.368295767495304, 0.014492753623188406)
(-1, 1, 0.000322106548789568, -0.309194667072929, 0.014285714285714285)
(1, -1, 0.000326708070752567, -0.248873420185045, 0.014084507042253521)
(1, 1, 0.000331309592708648, -0.187570067018059, 0.013888888888888888)
(-1, -1, 0.000335911114657714, -0.125526523354018, 0.0136986301369863)
(-1, 1, 0.000340512636599667, -0.0629876259206254, 0.013513513513513514)
(1, -1, 0.000345114158534411, -0.000200166214586848, 0.013333333333333334)
(-1, 1, 0.000349715680461847, 0.0625880833889673, 0.013157894736842105)
(-1, -1, 0.000354317202381878, 0.125129347397805, 0.012987012987012988)
(-1, 1, 0.000358918724294406, 0.187176824976224, 0.01282051282051282)
(1, -1, 0.000363520246199335, 0.248485663872475, 0.012658227848101266)
(1, 1, 0.000368121768096567, 0.308813926656682, 0.0125)
(1, -1, 0.000372723289986004, 0.367923545456252, 0.012345679012345678)
(-1, 1, 0.000377324811867550, 0.425581261421226, 0.012195121951219513)
(-1, -1, 0.000381926333741105, 0.481559545212206, 0.012048192771084338)
(-1, 1, 0.000386527855606574, 0.535637494878458, 0.011904761904761904)
(1, -1, 0.000391129377463859, 0.587601707582956, 0.011764705882352941)
(-1, 1, 0.000395730899312861, 0.637247121734358, 0.011627906976744186)
(-1, -1, 0.000400332421153485, 0.684377826202698, 0.011494252873563218)
(1, 1, 0.000404933942985631, 0.728807833425453, 0.011363636363636364)
(1, -1, 0.000409535464809204, 0.770361813353149, 0.011235955056179775)
(1, 1, 0.000414136986624105, 0.808875785338199, 0.011111111111111112)
(1, -1, 0.000418738508430238, 0.844197765236651, 0.01098901098901099)
(-1, 1, 0.000423340030227504, 0.876188365169224, 0.010869565217391304)
(1, -1, 0.000427941552015806, 0.904721343574876, 0.010752688172043012)
(1, 1, 0.000432543073795047, 0.929684103386260, 0.010638297872340425)
(-1, -1, 0.000437144595565129, 0.950978136361167, 0.010526315789473684)
(1, 1, 0.000441746117325955, 0.968519411816544, 0.010416666666666666)
(1, -1, 0.000446347639077427, 0.982238708231044, 0.010309278350515464)
(1, 1, 0.000450949160819449, 0.992081886407545, 0.01020408163265306)
(1, -1, 0.000455550682551922, 0.998010103117686, 0.010101010101010102)
(1, 1, 0.000460152204274750, 0.999999964385321, 0.01)
(1, -1, 0.000464753725987834, 0.998043617804019, 0.009900990099009901)
(1, 1, 0.000469355247691077, 0.992148783524288, 0.00980392156862745)
(-1, -1, 0.000473956769384382, 0.982338723788260, 0.009708737864077669)
(-1, 1, 0.000478558291067652, 0.968652151132042, 0.009615384615384616)
(-1, -1, 0.000483159812740789, 0.951143075618000, 0.009523809523809525)
(1, 1, 0.000487761334403695, 0.929880591699814, 0.009433962264150943)
(1, -1, 0.000492362856056273, 0.904948605561400, 0.009345794392523364)
(1, 1, 0.000496964377698427, 0.876445504005650, 0.009259259259259259)
(-1, -1, 0.000501565899330057, 0.844483766199648, 0.009174311926605505)
(1, 1, 0.000506167420951067, 0.809189519808483, 0.00909090909090909)
(-1, -1, 0.000510768942561360, 0.770702043269245, 0.009009009009009009)
(-1, 1, 0.000515370464160837, 0.729173216169349, 0.008928571428571428)
(-1, -1, 0.000519971985749403, 0.684766919898091, 0.008849557522123894)
(-1, 1, 0.000524573507326958, 0.637658390936598, 0.008771929824561403)
(-1, -1, 0.000529175028893406, 0.588033529338232, 0.008695652173913044)
(-1, 1, 0.000533776550448649, 0.536088165128309, 0.008620689655172414)
(-1, -1, 0.000538378071992590, 0.482027285518090, 0.008547008547008548)
(-1, 1, 0.000542979593525131, 0.426064225982613, 0.00847457627118644)
(-1, -1, 0.000547581115046176, 0.368419828394531, 0.008403361344537815)
(1, 1, 0.000552182636555626, 0.309321569536155, 0.008333333333333333)
(1, -1, 0.000556784158053383, 0.249002663428757, 0.008264462809917356)
(-1, 1, 0.000561385679539352, 0.187701141021535, 0.00819672131147541)
(-1, -1, 0.000565987201013434, 0.125658910871978, 0.008130081300813009)
(1, 1, 0.000570588722475531, 0.0631208045243895, 0.008064516129032258)
(1, -1, 0.000575190243925547, 0.000333610353684157, 0.008)
(-1, 1, 0.000579791765363384, -0.0624549003128644, 0.007936507936507936)
(1, -1, 0.000584393286788944, -0.124996950952816, 0.007874015748031496)
(1, 1, 0.000588994808202131, -0.187045737626257, 0.0078125)
(-1, -1, 0.000593596329602846, -0.248356402915479, 0.007751937984496124)
(-1, 1, 0.000598197850990992, -0.308687002183277, 0.007692307692307693)
(-1, -1, 0.000602799372366472, -0.367799458336811, 0.007633587786259542)
(1, 1, 0.000607400893729188, -0.425460501329329, 0.007575757575757576)
(1, -1, 0.000612002415079043, -0.481442588692293, 0.007518796992481203)
(-1, 1, 0.000616603936415940, -0.535524803465283, 0.007462686567164179)
(1, -1, 0.000621205457739781, -0.587493725980273, 0.007407407407407408)
(1, 1, 0.000625806979050468, -0.637144276060031, 0.007352941176470588)
(-1, -1, 0.000630408500347904, -0.684280522307148, 0.0072992700729927005)
(-1, 1, 0.000635010021631992, -0.728716455290091, 0.007246376811594203)
(1, -1, 0.000639611542902635, -0.770276721575102, 0.007194244604316547)
(-1, 1, 0.000644213064159734, -0.808797315707322, 0.007142857142857143)
(1, -1, 0.000648814585403193, -0.844126227410428, 0.0070921985815602835)
(1, 1, 0.000653416106632913, -0.876124041450796, 0.007042253521126761)
(-1, -1, 0.000658017627848798, -0.904664487799015, 0.006993006993006993)
(1, 1, 0.000662619149050751, -0.929634939917682, 0.006944444444444444)
(-1, -1, 0.000667220670238673, -0.950936859209146, 0.006896551724137931)
(-1, 1, 0.000671822191412467, -0.968486183869307, 0.00684931506849315)
(1, -1, 0.000676423712572036, -0.982213660612981, 0.006802721088435374)
(-1, 1, 0.000681025233717283, -0.992065117961767, 0.006756756756756757)
(-1, -1, 0.000685626754848110, -0.998001680015967, 0.006711409395973154)
(1, 1, 0.000690228275964419, -0.999999919866973, 0.006666666666666667)
(1, -1, 0.000694829797066113, -0.998051952044720, 0.006622516556291391)
(-1, 1, 0.000699431318153095, -0.992165463635391, 0.006578947368421052)
(1, -1, 0.000704032839225267, -0.982363683946578, 0.006535947712418301)
(-1, 1, 0.000708634360282532, -0.968685292839599, 0.006493506493506494)
(1, -1, 0.000713235881324792, -0.951184268090724, 0.0064516129032258064)
(-1, 1, 0.000717837402351950, -0.929929672383640, 0.00641025641025641)
(1, -1, 0.000722438923363909, -0.905005380773742, 0.006369426751592357)
(1, 1, 0.000727040444360571, -0.876509749699711, 0.006329113924050633)
(1, -1, 0.000731641965341838, -0.844555228848557, 0.006289308176100629)
(1, 1, 0.000736243486307614, -0.809267917405764, 0.00625)
(1, -1, 0.000740845007257800, -0.770787066441673, 0.006211180124223602)
(1, 1, 0.000745446528192300, -0.729264529397802, 0.006172839506172839)
(1, -1, 0.000750048049111016, -0.684864162841576, 0.006134969325153374)
(-1, 1, 0.000754649570013850, -0.637761179854236, 0.006097560975609756)
(1, -1, 0.000759251090900705, -0.588141458603575, 0.006060606060606061)
(-1, 1, 0.000763852611771483, -0.536200808830027, 0.006024096385542169)
(1, -1, 0.000768454132626088, -0.482144199140708, 0.005988023952095809)
(-1, 1, 0.000773055653464422, -0.426184948160659, 0.005952380952380952)
(1, -1, 0.000777657174286387, -0.368543882733181, 0.005917159763313609)
(1, 1, 0.000782258695091886, -0.309448466491188, 0.0058823529411764705)
(-1, -1, 0.000786860215880821, -0.249131902238394, 0.005847953216374269)
(-1, 1, 0.000791461736653096, -0.187832211682553, 0.005813953488372093)
(-1, -1, 0.000796063257408612, -0.125791296152288, 0.005780346820809248)
(-1, 1, 0.000800664778147272, -0.0632539820041402, 0.005747126436781609)
(-1, -1, 0.000805266298868979, -0.000467054486840753, 0.005714285714285714)
(1, 1, 0.000809867819573635, 0.0623217161246060, 0.005681818181818182)
(-1, -1, 0.000814469340261143, 0.124864552281964, 0.005649717514124294)
(1, 1, 0.000819070860931405, 0.186914646945503, 0.0056179775280898875)
(-1, -1, 0.000823672381584325, 0.248227137535916, 0.00558659217877095)
(1, 1, 0.000828273902219804, 0.308560072212978, 0.005555555555555556)
