482.946070087107
(1, -1, 5.45899687669823e-6, 0.998027338517540, 1.0)
(1, 1, 0.0000109179937532338, 0.992117136856807, 0.5)
(-1, -1, 0.0000163769906294440, 0.982292712672141, 0.3333333333333333)
(1, 1, 0.0000218359875051661, 0.968592826489896, 0.25)
(1, -1, 0.0000272949843802375, 0.951071528785642, 0.2)
(-1, 1, 0.0000327539812544955, 0.929797946737588, 0.16666666666666666)
(-1, -1, 0.0000382129781277775, 0.904856011497534, 0.14285714285714285)
(1, 1, 0.0000436719749999206, 0.876344127055372, 0.125)
(1, -1, 0.0000491309718707623, 0.844374782003564, 0.1111111111111111)
(1, 1, 0.0000545899687401399, 0.809074105733318, 0.1)
(-1, -1, 0.0000600489656078906, 0.770581370813400, 0.09090909090909091)
(-1, 1, 0.0000655079624738519, 0.729048443514870, 0.08333333333333333)
(-1, -1, 0.0000709669593378609, 0.684639184649602, 0.07692307692307693)
(-1, 1, 0.0000764259561997551, 0.637528803086451, 0.07142857142857142)
(-1, -1, 0.0000818849530593718, 0.587903164495684, 0.06666666666666667)
(1, 1, 0.0000873439499165482, 0.535958058048883, 0.0625)
(-1, -1, 0.0000928029467711217, 0.481898423967428, 0.058823529411764705)
(1, 1, 0.0000982619436229297, 0.425937544967134, 0.05555555555555555)
(1, -1, 0.000103720940471809, 0.368296204789059, 0.05263157894736842)
(1, 1, 0.000109179937317598, 0.309201817136337, 0.05)
(1, -1, 0.000114638934160133, 0.248887528453672, 0.047619047619047616)
(-1, 1, 0.000120097930999252, 0.187591298089316, 0.045454545454545456)
(1, -1, 0.000125556927834792, 0.125554959468588, 0.043478260869565216)
(-1, 1, 0.000131015924666590, 0.0630232659829102, 0.041666666666666664)
(1, -1, 0.000136474921494484, 0.000242925358625114, 0.04)
(-1, 1, 0.000141933918318310, -0.0625383736846562, 0.038461538461538464)
(-1, -1, 0.000147392915137907, -0.125072938646051, 0.037037037037037035)
(-1, 1, 0.000152851911953112, -0.187114050470314, 0.03571428571428571)
(1, -1, 0.000158310908763761, -0.248416936934198, 0.034482758620689655)
(-1, 1, 0.000163769905569693, -0.308739738351921, 0.03333333333333333)
(1, -1, 0.000169228902370744, -0.367844461789739, 0.03225806451612903)
(1, 1, 0.000174687899166752, -0.425497920024940, 0.03125)
(1, -1, 0.000180146895957555, -0.481472651544740, 0.030303030303030304)
(-1, 1, 0.000185605892742989, -0.535547817955419, 0.029411764705882353)
(-1, -1, 0.000191064889522891, -0.587510075261105, 0.02857142857142857)
(1, 1, 0.000196523886297100, -0.637154415574742, 0.027777777777777776)
(1, -1, 0.000201982883065452, -0.684284975940410, 0.02702702702702703)
(1, 1, 0.000207441879827785, -0.728715811075951, 0.02631578947368421)
(1, -1, 0.000212900876583937, -0.770271626987152, 0.02564102564102564)
(1, 1, 0.000218359873333743, -0.808788472559174, 0.025)
(-1, -1, 0.000223818870077042, -0.844114386396645, 0.024390243902439025)
(1, 1, 0.000229277866813672, -0.876109996360446, 0.023809523809523808)
(-1, -1, 0.000234736863543468, -0.904649069435808, 0.023255813953488372)
(-1, 1, 0.000240195860266270, -0.929619009762331, 0.022727272727272728)
(1, -1, 0.000245654856981913, -0.950921302861012, 0.022222222222222223)
(1, 1, 0.000251113853690236, -0.968471904305682, 0.021739130434782608)
(1, -1, 0.000256572850391075, -0.982201571305415, 0.02127659574468085)
(-1, 1, 0.000262031847084269, -0.992056135889695, 0.020833333333333332)
(1, -1, 0.000267490843769653, -0.997996718618558, 0.02040816326530612)
(1, 1, 0.000272949840447067, -0.999999881974540, 0.02)
(1, -1, 0.000278408837116346, -0.998057722831250, 0.0196078431372549)
(-1, 1, 0.000283867833777328, -0.992177903633757, 0.019230769230769232)
(1, -1, 0.000289326830429851, -0.982383622167770, 0.018867924528301886)
(-1, 1, 0.000294785827073752, -0.968713520036883, 0.018518518518518517)
(-1, -1, 0.000300244823708868, -0.951221530208964, 0.01818181818181818)
(-1, 1, 0.000305703820335036, -0.929976664233185, 0.017857142857142856)
(-1, -1, 0.000311162816952095, -0.905062739967167, 0.017543859649122806)
(1, 1, 0.000316621813559880, -0.876578050888461, 0.017241379310344827)
(1, -1, 0.000322080810158230, -0.844634978295040, 0.01694915254237288)
(-1, 1, 0.000327539806746982, -0.809359547924775, 0.016666666666666666)
(1, -1, 0.000332998803325973, -0.770890932743205, 0.01639344262295082)
(1, 1, 0.000338457799895040, -0.729380903861234, 0.016129032258064516)
(-1, -1, 0.000343916796454021, -0.684993231749085, 0.015873015873015872)
(1, 1, 0.000349375793002753, -0.637903040108900, 0.015625)
(-1, -1, 0.000354834789541073, -0.588296114955181, 0.015384615384615385)
(1, 1, 0.000360293786068820, -0.536368171628955, 0.015151515151515152)
(1, -1, 0.000365752782585829, -0.482324082637549, 0.014925373134328358)
(-1, 1, 0.000371211779091938, -0.426377069366379, 0.014705882352941176)
(-1, -1, 0.000376670775586985, -0.368747860851722, 0.014492753623188406)
(-1, 1, 0.000382129772070807, -0.309663822933380, 0.014285714285714285)
(-1, -1, 0.000387588768543242, -0.249358061223015, 0.014084507042253521)
(1, 1, 0.000393047765004126, -0.188068501427218, 0.013888888888888888)
(-1, -1, 0.000398506761453297, -0.126036950653763, 0.0136986301369863)
(1, 1, 0.000403965757890592, -0.0635081434044640, 0.013513513513513514)
(-1, -1, 0.000409424754315848, -0.000728776018532244, 0.013333333333333334)
(1, 1, 0.000414883750728904, 0.0620534666241619, 0.013157894736842105)
(1, -1, 0.000420342747129596, 0.124590888299930, 0.012987012987012988)
(1, 1, 0.000425801743517761, 0.186636758682870, 0.01282051282051282)
(-1, -1, 0.000431260739893237, 0.247946286775679, 0.012658227848101266)
(1, 1, 0.000436719736255861, 0.308277586689205, 0.0125)
(1, -1, 0.000442178732605471, 0.367392631960396, 0.012345679012345678)
(-1, 1, 0.000447637728941904, 0.425058194643570, 0.012195121951219513)
(-1, -1, 0.000453096725264996, 0.481046765469990, 0.012048192771084338)
(1, 1, 0.000458555721574586, 0.535137451445400, 0.011904761904761904)
(-1, -1, 0.000464014717870511, 0.587116847344233, 0.011764705882352941)
(-1, 1, 0.000469473714152608, 0.636779877662147, 0.011627906976744186)
(-1, -1, 0.000474932710420714, 0.683930605705121, 0.011494252873563218)
(-1, 1, 0.000480391706674667, 0.728383006622994, 0.011363636363636364)
(-1, -1, 0.000485850702914304, 0.769961701337580, 0.011235955056179775)
(1, 1, 0.000491309699139462, 0.808502648469768, 0.011111111111111112)
(1, -1, 0.000496768695349979, 0.843853791535749, 0.01098901098901099)
(1, 1, 0.000502227691545692, 0.875875658858949, 0.010869565217391304)
(-1, -1, 0.000507686687726438, 0.904441913830837, 0.010752688172043012)
(1, 1, 0.000513145683892055, 0.929439853349652, 0.010638297872340425)
(1, -1, 0.000518604680042380, 0.950770852470533, 0.010526315789473684)
(-1, 1, 0.000524063676177250, 0.968350753512785, 0.010416666666666666)
(1, -1, 0.000529522672296502, 0.982110198089104, 0.010309278350515464)
(1, 1, 0.000534981668399975, 0.991994900746820, 0.01020408163265306)
(-1, -1, 0.000540440664487505, 0.997965863141534, 0.010101010101010102)
(1, 1, 0.000545899660558929, 0.999999527898189, 0.01)
(1, -1, 0.000551358656614085, 0.998087871552517, 0.009900990099009901)
(1, 1, 0.000556817652652810, 0.992238436206200, 0.00980392156862745)
(1, -1, 0.000562276648674941, 0.982474299770841, 0.009708737864077669)
(-1, 1, 0.000567735644680317, 0.968833984918152, 0.009615384615384616)
(1, -1, 0.000573194640668773, 0.951371307095569, 0.009523809523809525)
(1, 1, 0.000578653636640148, 0.930155162206936, 0.009433962264150943)
(-1, -1, 0.000584112632594279, 0.905269254795907, 0.009345794392523364)
(-1, 1, 0.000589571628531003, 0.876811767804495, 0.009259259259259259)
(1, -1, 0.000595030624450157, 0.844894975209652, 0.009174311926605505)
(-1, 1, 0.000600489620351579, 0.809644799066167, 0.00909090909090909)
(-1, -1, 0.000605948616235106, 0.771200312703498, 0.009009009009009009)
(-1, 1, 0.000611407612100575, 0.729713192036565, 0.008928571428571428)
(-1, -1, 0.000616866607947824, 0.685347117155285, 0.008849557522123894)
(-1, 1, 0.000622325603776689, 0.638277126553750, 0.008771929824561403)
(1, -1, 0.000627784599587010, 0.588688926546838, 0.008695652173913044)
(1, 1, 0.000633243595378621, 0.536778158598827, 0.008620689655172414)
(-1, -1, 0.000638702591151362, 0.482749627454628, 0.008547008547008548)
(1, 1, 0.000644161586905069, 0.426816493118924, 0.00847457627118644)
(1, -1, 0.000649620582639579, 0.369199429871112, 0.008403361344537815)
(-1, 1, 0.000655079578354731, 0.310125755633994, 0.008333333333333333)
(1, -1, 0.000660538574050360, 0.249828535131159, 0.008264462809917356)
(1, 1, 0.000665997569726306, 0.188545660371378, 0.00819672131147541)
(1, -1, 0.000671456565382403, 0.126518912087799, 0.008130081300813009)
(1, 1, 0.000676915561018491, 0.0639930058348625, 0.008064516129032258)
(1, -1, 0.000682374556634407, 0.00121462650641135, 0.008)
(-1, 1, 0.000687833552229987, -0.0615685449158894, 0.007936507936507936)
(1, -1, 0.000693292547805070, -0.124108808544017, 0.007874015748031496)
(1, 1, 0.000698751543359492, -0.186159422839646, 0.0078125)
(1, -1, 0.000704210538893091, -0.247475578089210, 0.007751937984496124)
(-1, 1, 0.000709669534405703, -0.307815362257281, 0.007692307692307693)
(-1, -1, 0.000715128529897167, -0.366940715407684, 0.007633587786259542)
(1, 1, 0.000720587525367320, -0.424618368926824, 0.007575757575757576)
(-1, -1, 0.000726046520815999, -0.480620765843709, 0.007518796992481203)
(1, 1, 0.000731505516243041, -0.534726958615693, 0.007462686567164179)
(-1, -1, 0.000736964511648284, -0.586723480837889, 0.007407407407407408)
(-1, 1, 0.000742423507031565, -0.636405189437077, 0.007352941176470588)
(-1, -1, 0.000747882502392721, -0.683576074027383, 0.0072992700729927005)
(-1, 1, 0.000753341497731590, -0.728050030234559, 0.007246376811594203)
(1, -1, 0.000758800493048009, -0.769651593937839, 0.007194244604316547)
(-1, 1, 0.000764259488341815, -0.808216633532568, 0.007142857142857143)
(-1, -1, 0.000769718483612845, -0.843592997482390, 0.0070921985815602835)
(-1, 1, 0.000775177478860938, -0.875641114606198, 0.007042253521126761)
(1, -1, 0.000780636474085930, -0.904234544731522, 0.006993006993006993)
(1, 1, 0.000786095469287658, -0.929260477541841, 0.006944444444444444)
(1, -1, 0.000791554464465960, -0.950620177649721, 0.006896551724137931)
(-1, 1, 0.000797013459620673, -0.968229374139802, 0.00684931506849315)
(-1, -1, 0.000802472454751634, -0.982018593044779, 0.006802721088435374)
(1, 1, 0.000807931449858682, -0.991933431442636, 0.006756756756756757)
(-1, -1, 0.000813390444941652, -0.997934772093750, 0.006711409395973154)
(-1, 1, 0.000818849440000384, -0.999998937771030, 0.006666666666666667)
(-1, -1, 0.000824308435034712, -0.998117784674225, 0.006622516556291391)
(1, 1, 0.000829767430044476, -0.992298734559848, 0.006578947368421052)
(-1, -1, 0.000835226425029512, -0.982564745459951, 0.006535947712418301)
(1, 1, 0.000840685419989658, -0.968954221105269, 0.006493506493506494)
(1, -1, 0.000846144414924751, -0.951520859410103, 0.0064516129032258064)
(1, 1, 0.000851603409834629, -0.930333440616705, 0.00641025641025641)
(-1, -1, 0.000857062404719128, -0.905475555935008, 0.006369426751592357)
(-1, 1, 0.000862521399578086, -0.877045277748306, 0.006329113924050633)
(-1, -1, 0.000867980394411340, -0.845154772686028, 0.006289308176100629)
(1, 1, 0.000873439389218728, -0.809929859090160, 0.00625)
(-1, -1, 0.000878898384000087, -0.771509510621248, 0.006211180124223602)
(1, 1, 0.000884357378755254, -0.730045307962427, 0.006172839506172839)
(-1, -1, 0.000889816373484067, -0.685700840784669, 0.006134969325153374)
(-1, 1, 0.000895275368186362, -0.638651062332697, 0.006097560975609756)
(1, -1, 0.000900734362861978, -0.589081599177934, 0.006060606060606061)
(-1, 1, 0.000906193357510751, -0.537188018861721, 0.006024096385542169)
(1, -1, 0.000911652352132520, -0.483175058318213, 0.005988023952095809)
(1, 1, 0.000917111346727120, -0.427255816121044, 0.005952380952380952)
(1, -1, 0.000922570341294390, -0.369650911740638, 0.005917159763313609)
(-1, 1, 0.000928029335834166, -0.310587615129137, 0.0058823529411764705)
(1, -1, 0.000933488330346287, -0.250298950067047, 0.005847953216374269)
(-1, 1, 0.000938947324830589, -0.189022774809162, 0.005813953488372093)
(-1, -1, 0.000944406319286911, -0.127000843656930, 0.005780346820809248)
(-1, 1, 0.000949865313715088, -0.0644778531596528, 0.005747126436781609)
(-1, -1, 0.000955324308114958, -0.00170047670757652, 0.005714285714285714)
