523.954316653633
(1, -1, 4.63792021444457e-6, 0.309018758744113, 1.0)
(-1, 1, 9.27584042878937e-6, -0.809014813488496, 0.5)
(-1, -1, 0.0000139137606429346, -0.809020265683742, 0.3333333333333333)
(1, 1, 0.0000185516808567806, 0.309009936887652, 0.25)
(1, -1, 0.0000231896010702276, 0.999999999956979, 0.2)
(1, 1, 0.0000278275212831757, 0.309027580573985, 0.16666666666666666)
(-1, -1, 0.0000324654414955252, -0.809009361223642, 0.14285714285714285)
(-1, 1, 0.0000371033617071764, -0.809025717809379, 0.125)
(1, -1, 0.0000417412819180295, 0.309001115004604, 0.1111111111111111)
(-1, 1, 0.0000463792021279848, 0.999999999827918, 0.1)
(1, -1, 0.0000510171223369424, 0.309036402377267, 0.09090909090909091)
(-1, 1, 0.0000556550425448026, -0.809003908889179, 0.08333333333333333)
(-1, -1, 0.0000602929627514656, -0.809031169865406, 0.07692307692307693)
(1, 1, 0.0000649308829568317, 0.308992293094969, 0.07142857142857142)
(-1, -1, 0.0000695688031608012, 0.999999999612814, 0.06666666666666667)
(1, 1, 0.0000742067233632742, 0.309045224153961, 0.0625)
(-1, -1, 0.0000788446435641510, -0.808998456485109, 0.058823529411764705)
(-1, 1, 0.0000834825637633318, -0.809036621851823, 0.05555555555555555)
(1, -1, 0.0000881204839607169, 0.308983471158748, 0.05263157894736842)
(1, 1, 0.0000927584041562064, 0.999999999311670, 0.05)
(1, -1, 0.0000973963243497008, 0.309054045904063, 0.047619047619047616)
(-1, 1, 0.000102034244541100, -0.808993004011431, 0.045454545454545456)
(1, -1, 0.000106672164730305, -0.809042073768630, 0.043478260869565216)
(1, 1, 0.000111310084917215, 0.308974649195942, 0.041666666666666664)
(1, -1, 0.000115948005101730, 0.999999998924485, 0.04)
(1, 1, 0.000120585925283752, 0.309062867627574, 0.038461538461538464)
(-1, -1, 0.000125223845463179, -0.808987551468147, 0.037037037037037035)
(-1, 1, 0.000129861765639914, -0.809047525615825, 0.03571428571428571)
(-1, -1, 0.000134499685813854, 0.308965827206551, 0.034482758620689655)
(1, 1, 0.000139137605984902, 0.999999998451258, 0.03333333333333333)
(1, -1, 0.000143775526152957, 0.309071689324493, 0.03225806451612903)
(-1, 1, 0.000148413446317919, -0.808982098855257, 0.03125)
(-1, -1, 0.000153051366479688, -0.809052977393410, 0.030303030303030304)
(1, 1, 0.000157689286638166, 0.308957005190577, 0.029411764705882353)
(-1, -1, 0.000162327206793251, 0.999999997891990, 0.02857142857142857)
(1, 1, 0.000166965126944845, 0.309080510994819, 0.027777777777777776)
(1, -1, 0.000171603047092848, -0.808976646172760, 0.02702702702702703)
(-1, 1, 0.000176240967237159, -0.809058429101382, 0.02631578947368421)
(1, -1, 0.000180878887377679, 0.308948183148019, 0.02564102564102564)
(-1, 1, 0.000185516807514308, 0.999999997246681, 0.025)
(1, -1, 0.000190154727646947, 0.309089332638552, 0.024390243902439025)
(-1, 1, 0.000194792647775496, -0.808971193420658, 0.023809523809523808)
(-1, -1, 0.000199430567899854, -0.809063880739742, 0.023255813953488372)
(1, 1, 0.000204068488019923, 0.308939361078879, 0.022727272727272728)
(1, -1, 0.000208706408135602, 0.999999996515331, 0.022222222222222223)
(-1, 1, 0.000213344328246792, 0.309098154255690, 0.021739130434782608)
(-1, -1, 0.000217982248353393, -0.808965740598952, 0.02127659574468085)
(-1, 1, 0.000222620168455304, -0.809069332308489, 0.020833333333333332)
(1, -1, 0.000227258088552428, 0.308930538983158, 0.02040816326530612)
(-1, 1, 0.000231896008644662, 0.999999995697939, 0.02)
(1, -1, 0.000236533928731909, 0.309106975846232, 0.0196078431372549)
(-1, 1, 0.000241171848814068, -0.808960287707641, 0.019230769230769232)
(-1, -1, 0.000245809768891039, -0.809074783807623, 0.018867924528301886)
(1, 1, 0.000250447688962722, 0.308921716860855, 0.018518518518518517)
(1, -1, 0.000255085609029019, 0.999999994794506, 0.01818181818181818)
(1, 1, 0.000259723529089828, 0.309115797410179, 0.017857142857142856)
(-1, -1, 0.000264361449145051, -0.808954834746726, 0.017543859649122806)
(1, 1, 0.000268999369194587, -0.809080235237143, 0.017241379310344827)
(-1, -1, 0.000273637289238337, 0.308912894711973, 0.01694915254237288)
(-1, 1, 0.000278275209276201, 0.999999993805032, 0.016666666666666666)
(1, -1, 0.000282913129308079, 0.309124618947529, 0.01639344262295082)
(-1, 1, 0.000287551049333872, -0.808949381716208, 0.016129032258064516)
(-1, -1, 0.000292188969353479, -0.809085686597049, 0.015873015873015872)
(1, 1, 0.000296826889366801, 0.308904072536512, 0.015625)
(-1, -1, 0.000301464809373739, 0.999999992729517, 0.015384615384615385)
(1, 1, 0.000306102729374191, 0.309133440458282, 0.015151515151515152)
(-1, -1, 0.000310740649368060, -0.808943928616087, 0.014925373134328358)
(-1, 1, 0.000315378569355244, -0.809091137887340, 0.014705882352941176)
(-1, -1, 0.000320016489335644, 0.308895250334472, 0.014492753623188406)
(1, 1, 0.000324654409309161, 0.999999991567961, 0.014285714285714285)
(1, -1, 0.000329292329275695, 0.309142261942436, 0.014084507042253521)
(-1, 1, 0.000333930249235145, -0.808938475446363, 0.013888888888888888)
(1, -1, 0.000338568169187412, -0.809096589108016, 0.0136986301369863)
(-1, 1, 0.000343206089132396, 0.308886428105854, 0.013513513513513514)
(-1, -1, 0.000347844009069998, 0.999999990320363, 0.013333333333333334)
(1, 1, 0.000352481929000118, 0.309151083399992, 0.013157894736842105)
(-1, -1, 0.000357119848922656, -0.808933022207037, 0.012987012987012988)
(-1, 1, 0.000361757768837512, -0.809102040259076, 0.01282051282051282)
(-1, -1, 0.000366395688744587, 0.308877605850660, 0.012658227848101266)
(1, 1, 0.000371033608643780, 0.999999988986724, 0.0125)
(1, -1, 0.000375671528534992, 0.309159904830948, 0.012345679012345678)
(-1, 1, 0.000380309448418124, -0.808927568898110, 0.012195121951219513)
(1, -1, 0.000384947368293074, -0.809107491340520, 0.012048192771084338)
(1, 1, 0.000389585288159745, 0.308868783568889, 0.011904761904761904)
(-1, -1, 0.000394223208018035, 0.999999987567044, 0.011764705882352941)
(1, 1, 0.000398861127867846, 0.309168726235303, 0.011627906976744186)
(1, -1, 0.000403499047709077, -0.808922115519581, 0.011494252873563218)
(-1, 1, 0.000408136967541628, -0.809112942352348, 0.011363636363636364)
(1, -1, 0.000412774887365401, 0.308859961260543, 0.011235955056179775)
(-1, 1, 0.000417412807180294, 0.999999986061323, 0.011111111111111112)
(1, -1, 0.000422050726986209, 0.309177547613057, 0.01098901098901099)
(1, 1, 0.000426688646783045, -0.808916662071452, 0.010869565217391304)
(-1, -1, 0.000431326566570703, -0.809118393294558, 0.010752688172043012)
(1, 1, 0.000435964486349084, 0.308851138925622, 0.010638297872340425)
(1, -1, 0.000440602406118086, 0.999999984469561, 0.010526315789473684)
(1, 1, 0.000445240325877611, 0.309186368964209, 0.010416666666666666)
(-1, -1, 0.000449878245627559, -0.808911208553723, 0.010309278350515464)
(-1, 1, 0.000454516165367829, -0.809123844167152, 0.01020408163265306)
(1, -1, 0.000459154085098323, 0.308842316564127, 0.010101010101010102)
(1, 1, 0.000463792004818941, 0.999999982791757, 0.01)
(1, -1, 0.000468429924529582, 0.309195190288758, 0.009900990099009901)
(-1, 1, 0.000473067844230147, -0.808905754966393, 0.00980392156862745)
(1, -1, 0.000477705763920536, -0.809129294970126, 0.009708737864077669)
(1, 1, 0.000482343683600649, 0.308833494176059, 0.009615384615384616)
(1, -1, 0.000486981603270388, 0.999999981027912, 0.009523809523809525)
(1, 1, 0.000491619522929651, 0.309204011586704, 0.009433962264150943)
(-1, -1, 0.000496257442578339, -0.808900301309465, 0.009345794392523364)
(-1, 1, 0.000500895362216352, -0.809134745703483, 0.009259259259259259)
(1, -1, 0.000505533281843592, 0.308824671761418, 0.009174311926605505)
(-1, 1, 0.000510171201459956, 0.999999979178026, 0.00909090909090909)
(-1, -1, 0.000514809121065347, 0.309212832858045, 0.009009009009009009)
(-1, 1, 0.000519447040659665, -0.808894847582938, 0.008928571428571428)
(1, -1, 0.000524084960242809, -0.809140196367220, 0.008849557522123894)
(1, 1, 0.000528722879814679, 0.308815849320206, 0.008771929824561403)
(1, -1, 0.000533360799375177, 0.999999977242099, 0.008695652173913044)
(-1, 1, 0.000537998718924202, 0.309221654102782, 0.008620689655172414)
(-1, -1, 0.000542636638461654, -0.808889393786813, 0.008547008547008548)
(1, 1, 0.000547274557987434, -0.809145646961339, 0.00847457627118644)
(1, -1, 0.000551912477501442, 0.308807026852423, 0.008403361344537815)
(1, 1, 0.000556550397003579, 0.999999975220130, 0.008333333333333333)
(1, -1, 0.000561188316493743, 0.309230475320912, 0.008264462809917356)
(-1, 1, 0.000565826235971837, -0.808883939921090, 0.00819672131147541)
(-1, -1, 0.000570464155437759, -0.809151097485837, 0.008130081300813009)
(1, 1, 0.000575102074891410, 0.308798204358070, 0.008064516129032258)
(1, -1, 0.000579739994332691, 0.999999973112120, 0.008)
(1, 1, 0.000584377913761501, 0.309239296512436, 0.007936507936507936)
(1, -1, 0.000589015833177742, -0.808878485985769, 0.007874015748031496)
(-1, 1, 0.000593653752581312, -0.809156547940715, 0.0078125)
(1, -1, 0.000598291671972113, 0.308789381837148, 0.007751937984496124)
(1, 1, 0.000602929591350044, 0.999999970918069, 0.007692307692307693)
(-1, -1, 0.000607567510715006, 0.309248117677353, 0.007633587786259542)
(-1, 1, 0.000612205430066899, -0.808873031980852, 0.007575757575757576)
(-1, -1, 0.000616843349405623, -0.809161998325972, 0.007518796992481203)
(1, 1, 0.000621481268731079, 0.308780559289657, 0.007462686567164179)
(-1, -1, 0.000626119188043167, 0.999999968637977, 0.007407407407407408)
(1, 1, 0.000630757107341786, 0.309256938815662, 0.007352941176470588)
(-1, -1, 0.000635395026626838, -0.808867577906338, 0.0072992700729927005)
(1, 1, 0.000640032945898222, -0.809167448641608, 0.007246376811594203)
(-1, -1, 0.000644670865155839, 0.308771736715598, 0.007194244604316547)
(-1, 1, 0.000649308784399589, 0.999999966271844, 0.007142857142857143)
(1, -1, 0.000653946703629372, 0.309265759927361, 0.0070921985815602835)
(-1, 1, 0.000658584622845089, -0.808862123762228, 0.007042253521126761)
(-1, -1, 0.000663222542046639, -0.809172898887622, 0.006993006993006993)
(1, 1, 0.000667860461233923, 0.308762914114972, 0.006944444444444444)
(-1, -1, 0.000672498380406841, 0.999999963819669, 0.006896551724137931)
(-1, 1, 0.000677136299565293, 0.309274581012451, 0.00684931506849315)
(-1, -1, 0.000681774218709181, -0.808856669548523, 0.006802721088435374)
(1, 1, 0.000686412137838402, -0.809178349064014, 0.006756756756756757)
(1, -1, 0.000691050056952859, 0.308754091487779, 0.006711409395973154)
(1, 1, 0.000695687976052452, 0.999999961281453, 0.006666666666666667)
(-1, -1, 0.000700325895137079, 0.309283402070931, 0.006622516556291391)
(-1, 1, 0.000704963814206643, -0.808851215265222, 0.006578947368421052)
(-1, -1, 0.000709601733261043, -0.809183799170783, 0.006535947712418301)
(1, 1, 0.000714239652300178, 0.308745268834022, 0.006493506493506494)
(1, -1, 0.000718877571323951, 0.999999958657196, 0.0064516129032258064)
(1, 1, 0.000723515490332260, 0.309292223102800, 0.00641025641025641)
(-1, -1, 0.000728153409325006, -0.808845760912328, 0.006369426751592357)
(1, 1, 0.000732791328302089, -0.809189249207929, 0.006329113924050633)
(1, -1, 0.000737429247263410, 0.308736446153699, 0.006289308176100629)
(-1, 1, 0.000742067166208868, 0.999999955946898, 0.00625)
(-1, -1, 0.000746705085138364, 0.309301044108057, 0.006211180124223602)
(-1, 1, 0.000751343004051799, -0.808840306489839, 0.006172839506172839)
(1, -1, 0.000755980922949072, -0.809194699175451, 0.006134969325153374)
(1, 1, 0.000760618841830083, 0.308727623446812, 0.006097560975609756)
(-1, -1, 0.000765256760694733, 0.999999953150558, 0.006060606060606061)
(-1, 1, 0.000769894679542923, 0.309309865086701, 0.006024096385542169)
(-1, -1, 0.000774532598374551, -0.808834851997756, 0.005988023952095809)
(-1, 1, 0.000779170517189519, -0.809200149073350, 0.005952380952380952)
(1, -1, 0.000783808435987727, 0.308718800713361, 0.005917159763313609)
(1, 1, 0.000788446354769075, 0.999999950268178, 0.0058823529411764705)
(1, -1, 0.000793084273533464, 0.309318686038731, 0.005847953216374269)
(-1, 1, 0.000797722192280793, -0.808829397436081, 0.005813953488372093)
(-1, -1, 0.000802360111010962, -0.809205598901623, 0.005780346820809248)
(-1, 1, 0.000806998029723873, 0.308709977953349, 0.005747126436781609)
(-1, -1, 0.000811635948419425, 0.999999947299756, 0.005714285714285714)
(1, 1, 0.000816273867097518, 0.309327506964148, 0.005681818181818182)
(1, -1, 0.000820911785758053, -0.808823942804812, 0.005649717514124294)
(-1, 1, 0.000825549704400930, -0.809211048660272, 0.0056179775280898875)
(1, -1, 0.000830187623026049, 0.308701155166774, 0.00558659217877095)
(1, 1, 0.000834825541633311, 0.999999944245293, 0.005555555555555556)
