465.976537540971
(1, -1, 5.86383874325821e-6, 0.998027148146541, 1.0)
(-1, 1, 0.0000117276774863148, 0.992116376875036, 0.5)
(-1, -1, 0.0000175915162289681, 0.982291008337600, 0.3333333333333333)
(1, 1, 0.0000234553549710166, 0.968589810527295, 0.25)
(-1, -1, 0.0000293191937122585, 0.951066844311109, 0.2)
(1, 1, 0.0000351830324524924, 0.929791250121798, 0.16666666666666666)
(-1, -1, 0.0000410468711915164, 0.904846975150222, 0.14285714285714285)
(-1, 1, 0.0000469107099291291, 0.876332442114602, 0.125)
(1, -1, 0.0000527745486651288, 0.844360160913638, 0.1111111111111111)
(1, 1, 0.0000586383873993139, 0.809056284695783, 0.1)
(-1, -1, 0.0000645022261314826, 0.770560112096298, 0.09090909090909091)
(-1, 1, 0.0000703660648614335, 0.729023537606112, 0.08333333333333333)
(1, -1, 0.0000762299035889650, 0.684610452241164, 0.07692307692307693)
(1, 1, 0.0000820937423138752, 0.637496096877012, 0.07142857142857142)
(1, -1, 0.0000879575810359627, 0.587866370800267, 0.06666666666666667)
(1, 1, 0.0000938214197550259, 0.535917098205083, 0.0625)
(1, -1, 0.0000996852584708630, 0.481853255528911, 0.058823529411764705)
(-1, 1, 0.000105549097183272, 0.425888162676208, 0.05555555555555555)
(-1, -1, 0.000111412935892053, 0.368242641321300, 0.05263157894736842)
(-1, 1, 0.000117276774597002, 0.309144143611486, 0.05)
(1, -1, 0.000123140613297919, 0.248825854708253, 0.047619047619047616)
(1, 1, 0.000129004451994601, 0.187525772707719, 0.045454545454545456)
(1, -1, 0.000134868290686848, 0.125485769570671, 0.043478260869565216)
(1, 1, 0.000140732129374458, 0.0629506367674614, 0.041666666666666664)
(1, -1, 0.000146595968057228, 0.000167119403406053, 0.04)
(-1, 1, 0.000152459806734958, -0.0626170573642992, 0.038461538461538464)
(-1, -1, 0.000158323645407446, -0.125154165776645, 0.037037037037037035)
(-1, 1, 0.000164187484074489, -0.187197452933151, 0.03571428571428571)
(-1, -1, 0.000170051322735887, -0.248502114405692, 0.034482758620689655)
(-1, 1, 0.000175915161391438, -0.308826260164245, 0.03333333333333333)
(-1, -1, 0.000181779000040941, -0.367931869003276, 0.03225806451612903)
(-1, 1, 0.000187642838684193, -0.425585727702886, 0.03125)
(1, -1, 0.000193506677320992, -0.481560351219088, 0.030303030303030304)
(-1, 1, 0.000199370515951138, -0.535634880272380, 0.029411764705882353)
(1, -1, 0.000205234354574429, -0.587595952793027, 0.02857142857142857)
(1, 1, 0.000211098193190663, -0.637238545784568, 0.027777777777777776)
(1, -1, 0.000216962031799639, -0.684366784283816, 0.02702702702702703)
(1, 1, 0.000222825870401154, -0.728794714225424, 0.02631578947368421)
(-1, -1, 0.000228689708995008, -0.770347036161531, 0.02564102564102564)
(1, 1, 0.000234553547580998, -0.808859796941442, 0.025)
(1, -1, 0.000240417386158923, -0.844181036622183, 0.024390243902439025)
(-1, 1, 0.000246281224728581, -0.876171388057415, 0.023809523809523808)
(-1, -1, 0.000252145063289771, -0.904704626798894, 0.023255813953488372)
(-1, 1, 0.000258008901842291, -0.929668169140746, 0.022727272727272728)
(-1, -1, 0.000263872740385940, -0.950963516341415, 0.022222222222222223)
(-1, 1, 0.000269736578920516, -0.968506643270513, 0.021739130434782608)
(1, -1, 0.000275600417445816, -0.982228329947084, 0.02127659574468085)
(-1, 1, 0.000281464255961641, -0.992074434661142, 0.020833333333333332)
(1, -1, 0.000287328094467787, -0.998006107600820, 0.02040816326530612)
(-1, 1, 0.000293191932964054, -0.999999944142210, 0.02)
(-1, -1, 0.000299055771450239, -0.998048077197081, 0.0196078431372549)
(1, 1, 0.000304919609926142, -0.992158208254072, 0.019230769230769232)
(-1, -1, 0.000310783448391559, -0.982353576990907, 0.018867924528301886)
(1, 1, 0.000316647286846291, -0.968672869577504, 0.018518518518518517)
(1, -1, 0.000322511125290135, -0.951170066031819, 0.01818181818181818)
(1, 1, 0.000328374963722890, -0.929914227230682, 0.017857142857142856)
(1, -1, 0.000334238802144353, -0.904989222416045, 0.017543859649122806)
(1, 1, 0.000340102640554324, -0.876493398271801, 0.017241379310344827)
(-1, -1, 0.000345966478952600, -0.844539190876907, 0.01694915254237288)
(1, 1, 0.000351830317338981, -0.809252682065932, 0.016666666666666666)
(-1, -1, 0.000357694155713264, -0.770773101947496, 0.01639344262295082)
(1, 1, 0.000363557994075248, -0.729252279543513, 0.016129032258064516)
(-1, -1, 0.000369421832424731, -0.684854043716857, 0.015873015873015872)
(1, 1, 0.000375285670761512, -0.637753576751210, 0.015625)
(-1, -1, 0.000381149509085388, -0.588136723133675, 0.015384615384615385)
(-1, 1, 0.000387013347396159, -0.536199256267497, 0.015151515151515152)
(1, -1, 0.000392877185693623, -0.482146106008218, 0.014925373134328358)
(1, 1, 0.000398741023977577, -0.426190550071186, 0.014705882352941176)
(-1, -1, 0.000404604862247822, -0.368553372500885, 0.014492753623188406)
(-1, 1, 0.000410468700504154, -0.309461992522510, 0.014285714285714285)
(-1, -1, 0.000416332538746372, -0.249149567213089, 0.014084507042253521)
(-1, 1, 0.000422196376974274, -0.187854071532738, 0.013888888888888888)
(-1, -1, 0.000428060215187660, -0.125817359345980, 0.0136986301369863)
(-1, 1, 0.000433924053386327, -0.0632842091380567, 0.013513513513513514)
(-1, -1, 0.000439787891570074, -0.000501358191547974, 0.013333333333333334)
(-1, 1, 0.000445651729738699, 0.0622834709658360, 0.013157894736842105)
(1, -1, 0.000451515567892000, 0.124822548000950, 0.012987012987012988)
(1, 1, 0.000457379406029776, 0.186869112245710, 0.01282051282051282)
(-1, -1, 0.000463243244151825, 0.248178346341573, 0.012658227848101266)
(-1, 1, 0.000469107082257946, 0.308508342216300, 0.0125)
(1, -1, 0.000474970920347936, 0.367621055581529, 0.012345679012345678)
(-1, 1, 0.000480834758421595, 0.425283245185008, 0.012195121951219513)
(1, -1, 0.000486698596478721, 0.481267393111471, 0.012048192771084338)
(1, 1, 0.000492562434519112, 0.535352602500916, 0.011904761904761904)
(-1, -1, 0.000498426272542566, 0.587325469142164, 0.011764705882352941)
(1, 1, 0.000504290110548882, 0.636980923502651, 0.011627906976744186)
(1, -1, 0.000510153948537858, 0.684123039872037, 0.011494252873563218)
(1, 1, 0.000516017786509293, 0.728565809427012, 0.011363636363636364)
(-1, -1, 0.000521881624462985, 0.770133874166998, 0.011235955056179775)
(1, 1, 0.000527745462398732, 0.808663218824859, 0.011111111111111112)
(-1, -1, 0.000533609300316332, 0.844001818022555, 0.01098901098901099)
(1, 1, 0.000539473138215585, 0.876010236118234, 0.010869565217391304)
(1, -1, 0.000545336976096288, 0.904562177377963, 0.010752688172043012)
(-1, 1, 0.000551200813958240, 0.929544984301275, 0.010638297872340425)
(1, -1, 0.000557064651801239, 0.950860082134281, 0.010526315789473684)
(1, 1, 0.000562928489625084, 0.968423367816450, 0.010416666666666666)
(-1, -1, 0.000568792327429573, 0.982165541826360, 0.010309278350515464)
(-1, 1, 0.000574656165214504, 0.992032381617078, 0.01020408163265306)
(-1, -1, 0.000580520002979675, 0.997984955562268, 0.010101010101010102)
(1, 1, 0.000586383840724886, 0.999999776568846, 0.01)
(-1, -1, 0.000592247678449934, 0.998068894750100, 0.009900990099009901)
(1, 1, 0.000598111516154618, 0.992199928793579, 0.00980392156862745)
(-1, -1, 0.000603975353838736, 0.982416035900014, 0.009708737864077669)
(-1, 1, 0.000609839191502086, 0.968755820411862, 0.009615384615384616)
(-1, -1, 0.000615703029144468, 0.951273181492012, 0.009523809523809525)
(1, 1, 0.000621566866765679, 0.930037100453658, 0.009433962264150943)
(-1, -1, 0.000627430704365517, 0.905131368580473, 0.009345794392523364)
(-1, 1, 0.000633294541943782, 0.876654256511032, 0.009259259259259259)
(1, -1, 0.000639158379500271, 0.844718126491990, 0.009174311926605505)
(-1, 1, 0.000645022217034782, 0.809448989029948, 0.00909090909090909)
(-1, -1, 0.000650886054547115, 0.770986005691329, 0.009009009009009009)
(-1, 1, 0.000656749892037068, 0.729480940012072, 0.008928571428571428)
(-1, -1, 0.000662613729504438, 0.685097558683684, 0.008849557522123894)
(-1, 1, 0.000668477566949025, 0.638010985378397, 0.008771929824561403)
(-1, -1, 0.000674341404370626, 0.588407009763048, 0.008695652173913044)
(-1, 1, 0.000680205241769040, 0.536481354428100, 0.008620689655172414)
(1, -1, 0.000686069079144066, 0.482438902624293, 0.008547008547008548)
(1, 1, 0.000691932916495501, 0.426492889854040, 0.00847457627118644)
(-1, -1, 0.000697796753823145, 0.368864062507316, 0.008403361344537815)
(-1, 1, 0.000703660591126795, 0.309779806861808, 0.008333333333333333)
(1, -1, 0.000709524428406250, 0.249473251884036, 0.008264462809917356)
(1, 1, 0.000715388265661309, 0.188182349371529, 0.00819672131147541)
(-1, -1, 0.000721252102891769, 0.126148935065530, 0.008130081300813009)
(-1, 1, 0.000727115940097429, 0.0636177744388200, 0.008064516129032258)
(-1, -1, 0.000732979777278087, 0.000835596923680373, 0.008)
(1, 1, 0.000738843614433543, -0.0619498776093386, 0.007936507936507936)
(1, -1, 0.000744707451563593, -0.124490916280631, 0.007874015748031496)
(-1, 1, 0.000750571288668037, -0.186540750682078, 0.0078125)
(1, -1, 0.000756435125746673, -0.247854550552067, 0.007751937984496124)
(1, 1, 0.000762298962799299, -0.308190389803166, 0.007692307692307693)
(-1, -1, 0.000768162799825714, -0.367310201090782, 0.007633587786259542)
(1, 1, 0.000774026636825716, -0.424980715156366, 0.007575757575757576)
(1, -1, 0.000779890473799103, -0.480974381238789, 0.007518796992481203)
(-1, 1, 0.000785754310745674, -0.535070264922225, 0.007462686567164179)
(1, -1, 0.000791618147665227, -0.587054919877896, 0.007407407407407408)
(-1, 1, 0.000797481984557561, -0.636723230060040, 0.007352941176470588)
(1, -1, 0.000803345821422473, -0.683879219033055, 0.0072992700729927005)
(1, 1, 0.000809209658259763, -0.728336823236448, 0.007246376811594203)
(1, -1, 0.000815073495069229, -0.769920626136512, 0.007194244604316547)
(1, 1, 0.000820937331850668, -0.808466550367996, 0.007142857142857143)
(-1, -1, 0.000826801168603880, -0.843822505134774, 0.0070921985815602835)
(1, 1, 0.000832665005328663, -0.875848986315061, 0.007042253521126761)
(-1, -1, 0.000838528842024815, -0.904419626903345, 0.006993006993006993)
(1, 1, 0.000844392678692134, -0.929421695617146, 0.006944444444444444)
(1, -1, 0.000850256515330419, -0.950756541701261, 0.006896551724137931)
(1, 1, 0.000856120351939469, -0.968339984174409, 0.00684931506849315)
(-1, -1, 0.000861984188519081, -0.982102643982443, 0.006802721088435374)
(1, 1, 0.000867848025069054, -0.991990217747541, 0.006756756756756757)
(1, -1, 0.000873711861589186, -0.997963692033247, 0.006711409395973154)
(1, 1, 0.000879575698079277, -0.999999497279928, 0.006666666666666667)
(1, -1, 0.000885439534539123, -0.998089600803275, 0.006622516556291391)
(1, 1, 0.000891303370968524, -0.992241538488896, 0.006578947368421052)
(1, -1, 0.000897167207367278, -0.982478385057943, 0.006535947712418301)
(-1, 1, 0.000903031043735183, -0.968838663021101, 0.006493506493506494)
(1, -1, 0.000908894880072038, -0.951376190680171, 0.0064516129032258064)
(-1, 1, 0.000914758716377640, -0.930159869777001, 0.00641025641025641)
(-1, -1, 0.000920622552651790, -0.905273413627625, 0.006369426751592357)
(1, 1, 0.000926486388894283, -0.876815016814324, 0.006329113924050633)
(1, -1, 0.000932350225104920, -0.844896967738898, 0.006289308176100629)
(1, 1, 0.000938214061283499, -0.809645205565901, 0.00625)
(-1, -1, 0.000944077897429817, -0.771198823304014, 0.006211180124223602)
(-1, 1, 0.000949941733543674, -0.729709518986245, 0.006172839506172839)
(-1, -1, 0.000955805569624867, -0.685340997114440, 0.006134969325153374)
(1, 1, 0.000961669405673195, -0.638268322729816, 0.006097560975609756)
(-1, -1, 0.000967533241688457, -0.588677230658190, 0.006060606060606061)
(-1, 1, 0.000973397077670450, -0.536763392655377, 0.006024096385542169)
(1, -1, 0.000979260913618974, -0.482731645344426, 0.005988023952095809)
(-1, 1, 0.000985124749533826, -0.426795181990993, 0.005952380952380952)
(1, -1, 0.000990988585414805, -0.369174711305884, 0.005917159763313609)
(1, 1, 0.000996852421261709, -0.310097586593874, 0.0058823529411764705)
(-1, -1, 0.00100271625707434, -0.249796908684935, 0.005847953216374269)
(-1, 1, 0.00100858009285249, -0.188510606187421, 0.005813953488372093)
(1, -1, 0.00101444392859596, -0.126480496692280, 0.005780346820809248)
(-1, 1, 0.00102030776430455, -0.0639513326324868, 0.005747126436781609)
