538.476095305597
(1, -1, 4.39113978072162e-6, 0.998026943485537, 1.0)
(1, 1, 8.78227956135857e-6, 0.992115559846167, 0.5)
(1, -1, 0.0000131734193418262, 0.982289176069888, 0.3333333333333333)
(1, 1, 0.0000175645591220398, 0.968586568177746, 0.25)
(1, -1, 0.0000219556989019147, 0.951061808209276, 0.2)
(1, 1, 0.0000263468386813663, 0.929784050848117, 0.16666666666666666)
(-1, -1, 0.0000307379784603098, 0.904837260529820, 0.14285714285714285)
(1, 1, 0.0000351291182386607, 0.876319880108688, 0.125)
(1, -1, 0.0000395202580163341, 0.844344442391152, 0.1111111111111111)
(1, 1, 0.0000439113977932456, 0.809037126068595, 0.1)
(1, -1, 0.0000483025375693104, 0.770537257801975, 0.09090909090909091)
(1, 1, 0.0000526936773444437, 0.728996762423069, 0.08333333333333333)
(1, -1, 0.0000570848171185611, 0.684579563421921, 0.07692307692307693)
(-1, 1, 0.0000614759568915777, 0.637460936086217, 0.07142857142857142)
(1, -1, 0.0000658670966634089, 0.587826815845192, 0.06666666666666667)
(1, 1, 0.0000702582364339701, 0.535873064547409, 0.0625)
(-1, -1, 0.0000746493762031765, 0.481804697567764, 0.058823529411764705)
(1, 1, 0.0000790405159709436, 0.425835074793650, 0.05555555555555555)
(1, -1, 0.0000834316557371865, 0.368185058682719, 0.05263157894736842)
(1, 1, 0.0000878227955018208, 0.309082142714664, 0.05)
(-1, -1, 0.0000922139352647616, 0.248759553676235, 0.047619047619047616)
(1, 1, 0.0000966050750259244, 0.187455331321974, 0.045454545454545456)
(-1, -1, 0.000100996214785224, 0.125411389042442, 0.043478260869565216)
(1, 1, 0.000105387354542577, 0.0628725592466332, 0.041666666666666664)
(1, -1, 0.000109778494297897, 0.0000856272256197851, 0.04)
(1, 1, 0.000114169634051101, -0.0627016426901044, 0.038461538461538464)
(1, -1, 0.000118560773802103, -0.125241484836674, 0.037037037037037035)
(-1, 1, 0.000122951913550820, -0.187287109928167, 0.03571428571428571)
(1, -1, 0.000127343053297165, -0.248593678915024, 0.034482758620689655)
(1, 1, 0.000131734193041055, -0.308919269146605, 0.03333333333333333)
(1, -1, 0.000136125332782405, -0.368025829025320, 0.03225806451612903)
(1, 1, 0.000140516472521130, -0.425680117385137, 0.03125)
(1, -1, 0.000144907612257146, -0.481654623887586, 0.030303030303030304)
(-1, 1, 0.000149298751990367, -0.535728466803270, 0.029411764705882353)
(-1, -1, 0.000153689891720710, -0.587688264636135, 0.02857142857142857)
(1, 1, 0.000158081031448089, -0.637328978150973, 0.027777777777777776)
(1, -1, 0.000162472171172420, -0.684454719481417, 0.02702702702702703)
(1, 1, 0.000166863310893619, -0.728879525125605, 0.02631578947368421)
(1, -1, 0.000171254450611599, -0.770428089779179, 0.02564102564102564)
(1, 1, 0.000175645590326278, -0.808936458109824, 0.025)
(-1, -1, 0.000180036730037570, -0.844252671743549, 0.024390243902439025)
(-1, 1, 0.000184427869745390, -0.876237368909601, 0.023809523809523808)
(1, -1, 0.000188819009449655, -0.904764334377767, 0.023255813953488372)
(1, 1, 0.000193210149150278, -0.929720997517938, 0.022727272727272728)
(1, -1, 0.000197601288847176, -0.951008876516537, 0.022222222222222223)
(-1, 1, 0.000201992428540264, -0.968543966996891, 0.021739130434782608)
(1, -1, 0.000206383568229456, -0.982257073509990, 0.02127659574468085)
(1, 1, 0.000210774707914670, -0.992094082587557, 0.020833333333333332)
(1, -1, 0.000215165847595819, -0.998016176279905, 0.02040816326530612)
(1, 1, 0.000219556987272819, -0.999999985335956, 0.02)
(-1, -1, 0.000223948126945586, -0.998037681420948, 0.0196078431372549)
(1, 1, 0.000228339266614035, -0.992137008007925, 0.019230769230769232)
(-1, -1, 0.000232730406278081, -0.982321249821123, 0.018867924528301886)
(1, 1, 0.000237121545937639, -0.968629140951810, 0.018518518518518517)
(1, -1, 0.000241512685592625, -0.951114712009191, 0.01818181818181818)
(-1, 1, 0.000245903825242954, -0.929847076909509, 0.017857142857142856)
(1, -1, 0.000250294964888542, -0.904910160144726, 0.017543859649122806)
(1, 1, 0.000254686104529303, -0.876402365606988, 0.017241379310344827)
(-1, -1, 0.000259077244165154, -0.844436188275748, 0.01694915254237288)
(1, 1, 0.000263468383796008, -0.809137770299855, 0.016666666666666666)
(-1, -1, 0.000267859523421783, -0.770646403226387, 0.01639344262295082)
(1, 1, 0.000272250663042393, -0.729113978340452, 0.016129032258064516)
(-1, -1, 0.000276641802657753, -0.684704387285016, 0.015873015873015872)
(1, 1, 0.000281032942267779, -0.637592875325952, 0.015625)
(1, -1, 0.000285424081872386, -0.587965349814414, 0.015384615384615385)
(1, 1, 0.000289815221471490, -0.536017646575416, 0.015151515151515152)
(1, -1, 0.000294206361065005, -0.481954757117533, 0.014925373134328358)
(-1, 1, 0.000298597500652848, -0.425990019713235, 0.014705882352941176)
(-1, -1, 0.000302988640234932, -0.368344277541955, 0.014492753623188406)
(-1, 1, 0.000307379779811175, -0.309245007217936, 0.014285714285714285)
(-1, -1, 0.000311770919381491, -0.248925421141804, 0.014084507042253521)
(1, 1, 0.000316162058945795, -0.187623547218074, 0.013888888888888888)
(-1, -1, 0.000320553198504002, -0.125581289570133, 0.0136986301369863)
(1, 1, 0.000324944338056029, -0.0630434739592301, 0.013513513513513514)
(1, -1, 0.000329335477601790, -0.000256881674347950, 0.013333333333333334)
(1, 1, 0.000333726617141201, 0.0625307242946563, 0.013157894736842105)
(-1, -1, 0.000338117756674177, 0.125071576957813, 0.012987012987012988)
(1, 1, 0.000342508896200633, 0.187118883041589, 0.01282051282051282)
(1, -1, 0.000346900035720485, 0.248427796863035, 0.012658227848101266)
(1, 1, 0.000351291175233648, 0.308756386518534, 0.0125)
(1, -1, 0.000355682314740038, 0.367866588574427, 0.012345679012345678)
(-1, 1, 0.000360073454239569, 0.425525147492241, 0.012195121951219513)
(1, -1, 0.000364464593732157, 0.481504536081399, 0.012048192771084338)
(-1, 1, 0.000368855733217718, 0.535583853347240, 0.011904761904761904)
(-1, -1, 0.000373246872696166, 0.587549696191305, 0.011764705882352941)
(1, 1, 0.000377638012167417, 0.637197001524089, 0.011627906976744186)
(1, -1, 0.000382029151631387, 0.684329855467165, 0.011494252873563218)
(1, 1, 0.000386420291087990, 0.728762266451500, 0.011363636363636364)
(1, -1, 0.000390811430537142, 0.770318899161201, 0.011235955056179775)
(1, 1, 0.000395202569978758, 0.808835766426494, 0.011111111111111112)
(-1, -1, 0.000399593709412755, 0.844160876335630, 0.01098901098901099)
(-1, 1, 0.000403984848839046, 0.876154832012148, 0.010869565217391304)
(1, -1, 0.000408375988257547, 0.904691381690708, 0.010752688172043012)
(1, 1, 0.000412767127668175, 0.929657916920820, 0.010638297872340425)
(1, -1, 0.000417158267070843, 0.950955916932528, 0.010526315789473684)
(1, 1, 0.000421549406465467, 0.968501337410494, 0.010416666666666666)
(1, -1, 0.000425940545851963, 0.982224942142372, 0.010309278350515464)
(1, 1, 0.000430331685230246, 0.992072576232726, 0.01020408163265306)
(1, -1, 0.000434722824600232, 0.998005379804368, 0.010101010101010102)
(1, 1, 0.000439113963961835, 0.999999941343826, 0.01)
(1, -1, 0.000443505103314971, 0.998048390085822, 0.009900990099009901)
(-1, 1, 0.000447896242659555, 0.992158427072203, 0.00980392156862745)
(-1, -1, 0.000452287381995503, 0.982353294762754, 0.009708737864077669)
(1, 1, 0.000456678521322729, 0.968671685317835, 0.009615384615384616)
(-1, -1, 0.000461069660641150, 0.951167587914731, 0.009523809523809525)
(-1, 1, 0.000465460799950681, 0.929910075700265, 0.009433962264150943)
(-1, -1, 0.000469851939251237, 0.904983033220348, 0.009345794392523364)
(1, 1, 0.000474243078542733, 0.876484825402084, 0.009259259259259259)
(-1, -1, 0.000478634217825084, 0.844527909394645, 0.009174311926605505)
(1, 1, 0.000483025357098206, 0.809238390800653, 0.00909090909090909)
(1, -1, 0.000487416496362015, 0.770755526049214, 0.009009009009009009)
(-1, 1, 0.000491807635616425, 0.729231172874317, 0.008928571428571428)
(1, -1, 0.000496198774861352, 0.684829191067041, 0.008849557522123894)
(1, 1, 0.000500589914096712, 0.637724795866307, 0.008771929824561403)
(-1, -1, 0.000504981053322419, 0.588103866539736, 0.008695652173913044)
(1, 1, 0.000509372192538389, 0.536162212883050, 0.008620689655172414)
(1, -1, 0.000513763331744537, 0.482104802532490, 0.008547008547008548)
(-1, 1, 0.000518154470940778, 0.426144952139348, 0.00847457627118644)
(1, -1, 0.000522545610127029, 0.368503485598357, 0.008403361344537815)
(1, 1, 0.000526936749303203, 0.309407862651643, 0.008333333333333333)
(1, -1, 0.000531327888469218, 0.249091281306867, 0.008264462809917356)
(-1, 1, 0.000535719027624987, 0.187791757611534, 0.00819672131147541)
(-1, -1, 0.000540110166770426, 0.125751186414765, 0.008130081300813009)
(1, 1, 0.000544501305905451, 0.0632143868228823, 0.008064516129032258)
(1, -1, 0.000548892445029977, 0.000428136115542267, 0.008)
(-1, 1, 0.000553283584143919, -0.0623598040653018, 0.007936507936507936)
(1, -1, 0.000557674723247192, -0.124901665410843, 0.007874015748031496)
(1, 1, 0.000562065862339713, -0.186950650667171, 0.0078125)
(1, -1, 0.000566457001421395, -0.248261907525135, 0.007751937984496124)
(1, 1, 0.000570848140492155, -0.308593494835229, 0.007692307692307693)
(-1, -1, 0.000575239279551908, -0.367707337334711, 0.007633587786259542)
(1, 1, 0.000579630418600569, -0.425370165119506, 0.007575757575757576)
(-1, -1, 0.000584021557638054, -0.481354434153605, 0.007518796992481203)
(1, 1, 0.000588412696664277, -0.535439224183560, 0.007462686567164179)
(1, -1, 0.000592803835679155, -0.587411110514767, 0.007407407407407408)
(-1, 1, 0.000597194974682602, -0.637065006209435, 0.007352941176470588)
(1, -1, 0.000601586113674534, -0.684204971382828, 0.0072992700729927005)
(-1, 1, 0.000605977252654866, -0.728644986404191, 0.007246376811594203)
(-1, -1, 0.000610368391623513, -0.770209685951243, 0.007194244604316547)
(-1, 1, 0.000614759530580392, -0.808735051021558, 0.007142857142857143)
(1, -1, 0.000619150669525416, -0.844069056170087, 0.0070921985815602835)
(-1, 1, 0.000623541808458502, -0.876072269418751, 0.007042253521126761)
(1, -1, 0.000627932947379565, -0.904618402470781, 0.006993006993006993)
(1, 1, 0.000632324086288520, -0.929594809058614, 0.006944444444444444)
(1, -1, 0.000636715225185282, -0.950902929458800, 0.006896551724137931)
(-1, 1, 0.000641106364069767, -0.968458679419805, 0.00684931506849315)
(1, -1, 0.000645497502941890, -0.982192781967975, 0.006802721088435374)
(1, 1, 0.000649888641801567, -0.992051040782304, 0.006756756756756757)
(-1, -1, 0.000654279780648712, -0.997994554059242, 0.006711409395973154)
(1, 1, 0.000658670919483242, -0.999999868023611, 0.006666666666666667)
(-1, -1, 0.000663062058305071, -0.998059069479847, 0.006622516556291391)
(1, 1, 0.000667453197114115, -0.992179817038371, 0.006578947368421052)
(-1, -1, 0.000671844335910289, -0.982385310893843, 0.006535947712418301)
(-1, 1, 0.000676235474693508, -0.968714201274572, 0.006493506493506494)
(1, -1, 0.000680626613463688, -0.951220435924345, 0.0064516129032258064)
(1, 1, 0.000685017752220744, -0.929973047218537, 0.00641025641025641)
(1, -1, 0.000689408890964592, -0.905055879754549, 0.006369426751592357)
(1, 1, 0.000693800029695146, -0.876567259491557, 0.006329113924050633)
(-1, -1, 0.000698191168412322, -0.844619605745155, 0.006289308176100629)
(1, 1, 0.000702582307116036, -0.809338987568036, 0.00625)
(1, -1, 0.000706973445806202, -0.770864626267257, 0.006211180124223602)
(1, 1, 0.000711364584482737, -0.729348346021226, 0.006172839506172839)
(1, -1, 0.000715755723145555, -0.684953974764336, 0.006134969325153374)
(-1, 1, 0.000720146861794572, -0.637856697703414, 0.006097560975609756)
(1, -1, 0.000724538000429702, -0.588242366017097, 0.006060606060606061)
(1, 1, 0.000728929139050862, -0.536306763466073, 0.006024096385542169)
(-1, -1, 0.000733320277657967, -0.482254833808235, 0.005988023952095809)
(-1, 1, 0.000737711416250932, -0.426299872067444, 0.005952380952380952)
(1, -1, 0.000742102554829672, -0.368662682847258, 0.005917159763313609)
(-1, 1, 0.000746493693394103, -0.309570709011010, 0.0058823529411764705)
(1, -1, 0.000750884831944140, -0.249257134166559, 0.005847953216374269)
(1, 1, 0.000755275970479698, -0.187959962497421, 0.005813953488372093)
(1, -1, 0.000759667109000693, -0.125921079571356, 0.005780346820809248)
(1, 1, 0.000764058247507040, -0.0633852978325777, 0.005747126436781609)
(-1, -1, 0.000768449385998655, -0.000599390544180171, 0.005714285714285714)
(1, 1, 0.000772840524475452, 0.0621888820070535, 0.005681818181818182)
(-1, -1, 0.000777231662937347, 0.124731750200745, 0.005649717514124294)
(1, 1, 0.000781622801384255, 0.186782412809848, 0.0056179775280898875)
(-1, -1, 0.000786013939816092, 0.248096010906188, 0.00558659217877095)
(1, 1, 0.000790405078232773, 0.308430594101467, 0.005555555555555556)
(-1, -1, 0.000794796216634213, 0.367548075310842, 0.0055248618784530384)
