540.174409071566
(1, -1, 4.36357161113317e-6, 0.809021611067465, 1.0)
(1, 1, 8.72714322218325e-6, 0.309031934348393, 0.5)
(-1, -1, 0.0000130907148330672, -0.308994584271801, 0.3333333333333333)
(1, 1, 0.0000174542864437018, -0.808998527105781, 0.25)
(1, -1, 0.0000218178580540041, -0.999999999228849, 0.2)
(-1, 1, 0.0000261814296638910, -0.809044693781395, 0.16666666666666666)
(-1, -1, 0.0000305450012732794, -0.309069283948366, 0.14285714285714285)
(1, 1, 0.0000349085728820861, 0.308957233718645, 0.125)
(1, -1, 0.0000392721444902282, 0.808975441896377, 0.1111111111111111)
(1, 1, 0.0000436357160976225, 0.999999996915397, 0.1)
(-1, -1, 0.0000479992877041860, 0.809067775247533, 0.09090909090909091)
(-1, 1, 0.0000523628593098355, 0.309106633071661, 0.08333333333333333)
(-1, -1, 0.0000567264309144880, -0.308919882688984, 0.07692307692307693)
(-1, 1, 0.0000610900025180603, -0.808952355439289, 0.07142857142857142)
(-1, -1, 0.0000654535741204695, -0.999999993059644, 0.06666666666666667)
(1, 1, 0.0000698171457216324, -0.809090855465846, 0.0625)
(1, -1, 0.0000741807173214659, -0.309143981718220, 0.058823529411764705)
(1, 1, 0.0000785442889198869, 0.308882531182876, 0.05555555555555555)
(-1, -1, 0.0000829078605168125, 0.808929267734552, 0.05263157894736842)
(1, 1, 0.0000872714321121593, 0.999999987661589, 0.05)
(1, -1, 0.0000916350037058445, 0.809113934436296, 0.047619047619047616)
(-1, 1, 0.0000959985752977849, 0.309181329887986, 0.045454545454545456)
(-1, -1, 0.000100362146887897, -0.308845179200377, 0.043478260869565216)
(-1, 1, 0.000104725718476099, -0.808906178782203, 0.041666666666666664)
(1, -1, 0.000109089290062306, -0.999999980721233, 0.04)
(-1, 1, 0.000113452861646437, -0.809137012158849, 0.038461538461538464)
(-1, -1, 0.000117816433228407, -0.309218677580901, 0.037037037037037035)
(-1, 1, 0.000122180004808133, 0.308807826741546, 0.03571428571428571)
(1, -1, 0.000126543576385534, 0.808883088582278, 0.034482758620689655)
(-1, 1, 0.000130907147960525, 0.999999972238576, 0.03333333333333333)
(1, -1, 0.000135270719533023, 0.809160088633469, 0.03225806451612903)
(1, 1, 0.000139634291102946, 0.309256024796908, 0.03125)
(1, -1, 0.000143997862670210, -0.308770473806441, 0.030303030303030304)
(1, 1, 0.000148361434234732, -0.808859997134810, 0.029411764705882353)
(-1, -1, 0.000152725005796429, -0.999999962213618, 0.02857142857142857)
(1, 1, 0.000157088577355218, -0.809183163860120, 0.027777777777777776)
(-1, -1, 0.000161452148911016, -0.309293371535948, 0.02702702702702703)
(-1, 1, 0.000165815720463740, 0.308733120395119, 0.02631578947368421)
(1, -1, 0.000170179292013307, 0.808836904439837, 0.02564102564102564)
(1, 1, 0.000174542863559633, 0.999999950646358, 0.025)
(1, -1, 0.000178906435102636, 0.809206237838767, 0.024390243902439025)
(1, 1, 0.000183270006642232, 0.309330717797965, 0.023809523809523808)
(-1, -1, 0.000187633578178339, -0.308695766507636, 0.023255813953488372)
(-1, 1, 0.000191997149710873, -0.808813810497393, 0.022727272727272728)
(1, -1, 0.000196360721239751, -0.999999937536797, 0.022222222222222223)
(-1, 1, 0.000200724292764891, -0.809229310569374, 0.021739130434782608)
(1, -1, 0.000205087864286208, -0.309368063582901, 0.02127659574468085)
(-1, 1, 0.000209451435803621, 0.308658412144052, 0.020833333333333332)
(1, -1, 0.000213815007317045, 0.808790715307515, 0.02040816326530612)
(1, 1, 0.000218178578826398, 0.999999922884934, 0.02)
(-1, -1, 0.000222542150331597, 0.809252382051906, 0.0196078431372549)
(-1, 1, 0.000226905721832559, 0.309405408890699, 0.019230769230769232)
(1, -1, 0.000231269293329200, -0.308621057304424, 0.018867924528301886)
(-1, 1, 0.000235632864821437, -0.808767618870238, 0.018518518518518517)
(-1, -1, 0.000239996436309188, -0.999999906690771, 0.01818181818181818)
(-1, 1, 0.000244360007792370, -0.809275452286326, 0.017857142857142856)
(1, -1, 0.000248723579270898, -0.309442753721299, 0.017543859649122806)
(1, 1, 0.000253087150744690, 0.308583701988809, 0.017241379310344827)
(-1, -1, 0.000257450722213664, 0.808744521185597, 0.01694915254237288)
(-1, 1, 0.000261814293677735, 0.999999888954306, 0.016666666666666666)
(-1, -1, 0.000266177865136822, 0.809298521272600, 0.01639344262295082)
(1, 1, 0.000270541436590840, 0.309480098074646, 0.016129032258064516)
(-1, -1, 0.000274905008039707, -0.308546346197266, 0.015873015873015872)
(1, 1, 0.000279268579483339, -0.808721422253629, 0.015625)
(-1, -1, 0.000283632150921654, -0.999999869675540, 0.015384615384615385)
(1, 1, 0.000287995722354568, -0.809321589010692, 0.015151515151515152)
(1, -1, 0.000292359293781999, -0.309517441950681, 0.014925373134328358)
(1, 1, 0.000296722865203863, 0.308508989929850, 0.014705882352941176)
(1, -1, 0.000301086436620077, 0.808698322074369, 0.014492753623188406)
(-1, 1, 0.000305450008030558, 0.999999848854473, 0.014285714285714285)
(-1, -1, 0.000309813579435223, 0.809344655500566, 0.014084507042253521)
(1, 1, 0.000314177150833989, 0.309554785349348, 0.013888888888888888)
(-1, -1, 0.000318540722226773, -0.308471633186621, 0.0136986301369863)
(-1, 1, 0.000322904293613492, -0.808675220647852, 0.013513513513513514)
(-1, -1, 0.000327267864994062, -0.999999826491105, 0.013333333333333334)
(-1, 1, 0.000331631436368401, -0.809367720742187, 0.013157894736842105)
(1, -1, 0.000335995007736426, -0.309592128270587, 0.012987012987012988)
(1, 1, 0.000340358579098052, 0.308434275967636, 0.01282051282051282)
(-1, -1, 0.000344722150453198, 0.808652117974114, 0.012658227848101266)
(1, 1, 0.000349085721801781, 0.999999802585436, 0.0125)
(1, -1, 0.000353449293143716, 0.809390784735519, 0.012345679012345678)
(1, 1, 0.000357812864478922, 0.309629470714342, 0.012195121951219513)
(-1, -1, 0.000362176435807314, -0.308396918272951, 0.012048192771084338)
(1, 1, 0.000366540007128811, -0.808629014053191, 0.011904761904761904)
(1, -1, 0.000370903578443328, -0.999999777137466, 0.011764705882352941)
(-1, 1, 0.000375267149750783, -0.809413847480526, 0.011627906976744186)
(-1, -1, 0.000379630721051092, -0.309666812680555, 0.011494252873563218)
(-1, 1, 0.000383994292344173, 0.308359560102627, 0.011363636363636364)
(-1, -1, 0.000388357863629943, 0.808605908885119, 0.011235955056179775)
(1, 1, 0.000392721434908318, 0.999999750147194, 0.011111111111111112)
(1, -1, 0.000397085006179215, 0.809436908977173, 0.01098901098901099)
(-1, 1, 0.000401448577442552, 0.309704154169169, 0.010869565217391304)
(-1, -1, 0.000405812148698244, -0.308322201456718, 0.010752688172043012)
(1, 1, 0.000410175719946210, -0.808582802469932, 0.010638297872340425)
(-1, -1, 0.000414539291186365, -0.999999721614622, 0.010526315789473684)
(-1, 1, 0.000418902862418627, -0.809459969225425, 0.010416666666666666)
(1, -1, 0.000423266433642913, -0.309741495180125, 0.010309278350515464)
(1, 1, 0.000427630004859140, 0.308284842335284, 0.01020408163265306)
(-1, -1, 0.000431993576067225, 0.808559694807667, 0.010101010101010102)
(1, 1, 0.000436357147267084, 0.999999691539749, 0.01)
(1, -1, 0.000440720718458634, 0.809483028225245, 0.009900990099009901)
(-1, 1, 0.000445084289641793, 0.309778835713367, 0.00980392156862745)
(-1, -1, 0.000449447860816477, -0.308247482738382, 0.009708737864077669)
(-1, 1, 0.000453811431982603, -0.808536585898359, 0.009615384615384616)
(1, -1, 0.000458175003140088, -0.999999659922575, 0.009523809523809525)
(1, 1, 0.000462538574288849, -0.809506085976599, 0.009433962264150943)
(1, -1, 0.000466902145428803, -0.309816175768836, 0.009345794392523364)
(-1, 1, 0.000471265716559867, 0.308210122666069, 0.009259259259259259)
(-1, -1, 0.000475629287681958, 0.808513475742045, 0.009174311926605505)
(-1, 1, 0.000479992858794992, 0.999999626763101, 0.00909090909090909)
(1, -1, 0.000484356429898887, 0.809529142479450, 0.009009009009009009)
(-1, 1, 0.000488720000993560, 0.309853515346476, 0.008928571428571428)
(1, -1, 0.000493083572078926, -0.308172762118404, 0.008849557522123894)
(1, 1, 0.000497447143154905, -0.808490364338759, 0.008771929824561403)
(-1, -1, 0.000501810714221411, -0.999999592061325, 0.008695652173913044)
(1, 1, 0.000506174285278363, -0.809552197733763, 0.008620689655172414)
(-1, -1, 0.000510537856325676, -0.309890854446228, 0.008547008547008548)
(-1, 1, 0.000514901427363269, 0.308135401095443, 0.00847457627118644)
(-1, -1, 0.000519264998391057, 0.808467251688537, 0.008403361344537815)
(-1, 1, 0.000523628569408958, 0.999999555817249, 0.008333333333333333)
(1, -1, 0.000527992140416889, 0.809575251739503, 0.008264462809917356)
(-1, 1, 0.000532355711414767, 0.309928193068035, 0.00819672131147541)
(-1, -1, 0.000536719282402508, -0.308098039597244, 0.008130081300813009)
(1, 1, 0.000541082853380029, -0.808444137791415, 0.008064516129032258)
(1, -1, 0.000545446424347248, -0.999999518030872, 0.008)
(-1, 1, 0.000549809995304082, -0.809598304496635, 0.007936507936507936)
(1, -1, 0.000554173566250446, -0.309965531211839, 0.007874015748031496)
(1, 1, 0.000558537137186259, 0.308060677623866, 0.0078125)
(1, -1, 0.000562900708111436, 0.808421022647428, 0.007751937984496124)
(-1, 1, 0.000567264279025896, 0.999999478702195, 0.007692307692307693)
(-1, -1, 0.000571627849929554, 0.809621356005121, 0.007633587786259542)
(1, 1, 0.000575991420822328, 0.310002868877583, 0.007575757575757576)
(1, -1, 0.000580354991704135, -0.308023315175365, 0.007518796992481203)
(1, 1, 0.000584718562574892, -0.808397906256613, 0.007462686567164179)
(-1, -1, 0.000589082133434515, -0.999999437831217, 0.007407407407407408)
(1, 1, 0.000593445704282921, -0.809644406264927, 0.007352941176470588)
(-1, -1, 0.000597809275120028, -0.310040206065209, 0.0072992700729927005)
(1, 1, 0.000602172845945752, 0.307985952251799, 0.007246376811594203)
(-1, -1, 0.000606536416760010, 0.808374788619005, 0.007194244604316547)
(-1, 1, 0.000610899987562719, 0.999999395417938, 0.007142857142857143)
(-1, -1, 0.000615263558353796, 0.809667455276018, 0.0070921985815602835)
(-1, 1, 0.000619627129133158, 0.310077542774660, 0.007042253521126761)
(1, -1, 0.000623990699900722, -0.307948588853226, 0.006993006993006993)
(1, 1, 0.000628354270656405, -0.808351669734639, 0.006944444444444444)
(1, -1, 0.000632717841400124, -0.999999351462359, 0.006896551724137931)
(-1, 1, 0.000637081412131795, -0.809690503038358, 0.00684931506849315)
(-1, -1, 0.000641444982851335, -0.310114879005877, 0.006802721088435374)
(-1, 1, 0.000645808553558662, 0.307911224979704, 0.006756756756756757)
(1, -1, 0.000650172124253692, 0.808328549603551, 0.006711409395973154)
(-1, 1, 0.000654535694936343, 0.999999305964480, 0.006666666666666667)
(1, -1, 0.000658899265606530, 0.809713549551910, 0.006622516556291391)
(-1, 1, 0.000663262836264172, 0.310152214758805, 0.006578947368421052)
(1, -1, 0.000667626406909184, -0.307873860631290, 0.006535947712418301)
(1, 1, 0.000671989977541485, -0.808305428225777, 0.006493506493506494)
(1, -1, 0.000676353548160990, -0.999999258924301, 0.0064516129032258064)
(1, 1, 0.000680717118767617, -0.809736594816641, 0.00641025641025641)
(-1, -1, 0.000685080689361283, -0.310189550033383, 0.006369426751592357)
(-1, 1, 0.000689444259941904, 0.307836495808041, 0.006329113924050633)
(-1, -1, 0.000693807830509398, 0.808282305601352, 0.006289308176100629)
(1, 1, 0.000698171401063681, 0.999999210341821, 0.00625)
(1, -1, 0.000702534971604670, 0.809759638832514, 0.006211180124223602)
(1, 1, 0.000706898542132282, 0.310226884829557, 0.006172839506172839)
(-1, -1, 0.000711262112646435, -0.307799130510016, 0.006134969325153374)
(1, 1, 0.000715625683147045, -0.808259181730313, 0.006097560975609756)
(1, -1, 0.000719989253634028, -0.999999160217041, 0.006060606060606061)
(-1, 1, 0.000724352824107303, -0.809782681599493, 0.006024096385542169)
(-1, -1, 0.000728716394566785, -0.310264219147266, 0.005988023952095809)
(1, 1, 0.000733079965012392, 0.307761764737272, 0.005952380952380952)
(1, -1, 0.000737443535444040, 0.808236056612694, 0.005917159763313609)
(1, 1, 0.000741807105861647, 0.999999108549962, 0.0058823529411764705)
(-1, -1, 0.000746170676265130, 0.809805723117543, 0.005847953216374269)
(-1, 1, 0.000750534246654405, 0.310301552986455, 0.005813953488372093)
(1, -1, 0.000754897817029389, -0.307724398489866, 0.005780346820809248)
(-1, 1, 0.000759261387389999, -0.808212930248532, 0.005747126436781609)
(-1, -1, 0.000763624957736152, -0.999999055340582, 0.005714285714285714)
(-1, 1, 0.000767988528067766, -0.809828763386629, 0.005681818181818182)
(1, -1, 0.000772352098384756, -0.310338886347066, 0.005649717514124294)
(-1, 1, 0.000776715668687040, 0.307687031767857, 0.0056179775280898875)
(1, -1, 0.000781079238974535, 0.808189802637862, 0.00558659217877095)
(1, 1, 0.000785442809247157, 0.999999000588902, 0.005555555555555556)
(1, -1, 0.000789806379504824, 0.809851802406715, 0.0055248618784530384)
