516.246824029674
(1, -1, 4.77744100582255e-6, 0.999999998858803, 1.0)
(-1, 1, 9.55488201153605e-6, 0.999999995435211, 0.5)
(1, -1, 0.0000143323230170315, 0.999999989729226, 0.3333333333333333)
(1, 1, 0.0000191097640221998, 0.999999981740846, 0.25)
(1, -1, 0.0000238872050269319, 0.999999971470072, 0.2)
(-1, 1, 0.0000286646460311189, 0.999999958916904, 0.16666666666666666)
(1, -1, 0.0000334420870346516, 0.999999944081341, 0.14285714285714285)
(-1, 1, 0.0000382195280374210, 0.999999926963385, 0.125)
(1, -1, 0.0000429969690393181, 0.999999907563034, 0.1111111111111111)
(-1, 1, 0.0000477744100402339, 0.999999885880289, 0.1)
(1, -1, 0.0000525518510400592, 0.999999861915151, 0.09090909090909091)
(1, 1, 0.0000573292920386851, 0.999999835667618, 0.08333333333333333)
(1, -1, 0.0000621067330360025, 0.999999807137692, 0.07692307692307693)
(-1, 1, 0.0000668841740319024, 0.999999776325371, 0.07142857142857142)
(1, -1, 0.0000716616150262758, 0.999999743230657, 0.06666666666666667)
(1, 1, 0.0000764390560190135, 0.999999707853549, 0.0625)
(-1, -1, 0.0000812164970100066, 0.999999670194048, 0.058823529411764705)
(-1, 1, 0.0000859939379991460, 0.999999630252153, 0.05555555555555555)
(-1, -1, 0.0000907713789863227, 0.999999588027865, 0.05263157894736842)
(1, 1, 0.0000955488199714277, 0.999999543521183, 0.05)
(1, -1, 0.000100326260954352, 0.999999496732109, 0.047619047619047616)
(-1, 1, 0.000105103701934986, 0.999999447660641, 0.045454545454545456)
(-1, -1, 0.000109881142913222, 0.999999396306780, 0.043478260869565216)
(-1, 1, 0.000114658583888949, 0.999999342670526, 0.041666666666666664)
(1, -1, 0.000119436024862060, 0.999999286751880, 0.04)
(-1, 1, 0.000124213465832444, 0.999999228550841, 0.038461538461538464)
(1, -1, 0.000128990906799994, 0.999999168067409, 0.037037037037037035)
(1, 1, 0.000133768347764599, 0.999999105301585, 0.03571428571428571)
(-1, -1, 0.000138545788726151, 0.999999040253369, 0.034482758620689655)
(-1, 1, 0.000143323229684541, 0.999998972922760, 0.03333333333333333)
(-1, -1, 0.000148100670639660, 0.999998903309760, 0.03225806451612903)
(-1, 1, 0.000152878111591399, 0.999998831414368, 0.03125)
(1, -1, 0.000157655552539648, 0.999998757236585, 0.030303030303030304)
(1, 1, 0.000162432993484300, 0.999998680776410, 0.029411764705882353)
(1, -1, 0.000167210434425243, 0.999998602033844, 0.02857142857142857)
(1, 1, 0.000171987875362371, 0.999998521008886, 0.027777777777777776)
(1, -1, 0.000176765316295572, 0.999998437701538, 0.02702702702702703)
(1, 1, 0.000181542757224740, 0.999998352111799, 0.02631578947368421)
(1, -1, 0.000186320198149764, 0.999998264239670, 0.02564102564102564)
(-1, 1, 0.000191097639070535, 0.999998174085151, 0.025)
(1, -1, 0.000195875079986945, 0.999998081648241, 0.024390243902439025)
(-1, 1, 0.000200652520898884, 0.999997986928941, 0.023809523809523808)
(-1, -1, 0.000205429961806243, 0.999997889927252, 0.023255813953488372)
(1, 1, 0.000210207402708914, 0.999997790643173, 0.022727272727272728)
(1, -1, 0.000214984843606787, 0.999997689076705, 0.022222222222222223)
(1, 1, 0.000219762284499753, 0.999997585227849, 0.021739130434782608)
(1, -1, 0.000224539725387703, 0.999997479096603, 0.02127659574468085)
(1, 1, 0.000229317166270529, 0.999997370682969, 0.020833333333333332)
(1, -1, 0.000234094607148120, 0.999997259986946, 0.02040816326530612)
(-1, 1, 0.000238872048020369, 0.999997147008536, 0.02)
(-1, -1, 0.000243649488887165, 0.999997031747738, 0.0196078431372549)
(1, 1, 0.000248426929748400, 0.999996914204552, 0.019230769230769232)
(-1, -1, 0.000253204370603966, 0.999996794378979, 0.018867924528301886)
(-1, 1, 0.000257981811453752, 0.999996672271020, 0.018518518518518517)
(1, -1, 0.000262759252297650, 0.999996547880673, 0.01818181818181818)
(-1, 1, 0.000267536693135551, 0.999996421207941, 0.017857142857142856)
(-1, -1, 0.000272314133967346, 0.999996292252822, 0.017543859649122806)
(1, 1, 0.000277091574792925, 0.999996161015317, 0.017241379310344827)
(-1, -1, 0.000281869015612180, 0.999996027495427, 0.01694915254237288)
(1, 1, 0.000286646456425002, 0.999995891693152, 0.016666666666666666)
(1, -1, 0.000291423897231281, 0.999995753608491, 0.01639344262295082)
(1, 1, 0.000296201338030909, 0.999995613241446, 0.016129032258064516)
(1, -1, 0.000300978778823776, 0.999995470592017, 0.015873015873015872)
(1, 1, 0.000305756219609774, 0.999995325660204, 0.015625)
(1, -1, 0.000310533660388793, 0.999995178446008, 0.015384615384615385)
(-1, 1, 0.000315311101160725, 0.999995028949428, 0.015151515151515152)
(-1, -1, 0.000320088541925460, 0.999994877170465, 0.014925373134328358)
(-1, 1, 0.000324865982682889, 0.999994723109120, 0.014705882352941176)
(-1, -1, 0.000329643423432904, 0.999994566765393, 0.014492753623188406)
(-1, 1, 0.000334420864175395, 0.999994408139283, 0.014285714285714285)
(1, -1, 0.000339198304910253, 0.999994247230792, 0.014084507042253521)
(-1, 1, 0.000343975745637369, 0.999994084039920, 0.013888888888888888)
(-1, -1, 0.000348753186356634, 0.999993918566668, 0.0136986301369863)
(-1, 1, 0.000353530627067940, 0.999993750811035, 0.013513513513513514)
(1, -1, 0.000358308067771176, 0.999993580773022, 0.013333333333333334)
(-1, 1, 0.000363085508466235, 0.999993408452629, 0.013157894736842105)
(1, -1, 0.000367862949153006, 0.999993233849857, 0.012987012987012988)
(-1, 1, 0.000372640389831381, 0.999993056964706, 0.01282051282051282)
(1, -1, 0.000377417830501252, 0.999992877797177, 0.012658227848101266)
(1, 1, 0.000382195271162508, 0.999992696347270, 0.0125)
(1, -1, 0.000386972711815040, 0.999992512614985, 0.012345679012345678)
(-1, 1, 0.000391750152458741, 0.999992326600323, 0.012195121951219513)
(1, -1, 0.000396527593093500, 0.999992138303285, 0.012048192771084338)
(1, 1, 0.000401305033719209, 0.999991947723870, 0.011904761904761904)
(-1, -1, 0.000406082474335759, 0.999991754862079, 0.011764705882352941)
(1, 1, 0.000410859914943040, 0.999991559717913, 0.011627906976744186)
(-1, -1, 0.000415637355540944, 0.999991362291372, 0.011494252873563218)
(-1, 1, 0.000420414796129361, 0.999991162582456, 0.011363636363636364)
(1, -1, 0.000425192236708183, 0.999990960591166, 0.011235955056179775)
(-1, 1, 0.000429969677277300, 0.999990756317502, 0.011111111111111112)
(1, -1, 0.000434747117836604, 0.999990549761466, 0.01098901098901099)
(-1, 1, 0.000439524558385985, 0.999990340923056, 0.010869565217391304)
(-1, -1, 0.000444301998925334, 0.999990129802275, 0.010752688172043012)
(-1, 1, 0.000449079439454542, 0.999989916399122, 0.010638297872340425)
(-1, -1, 0.000453856879973501, 0.999989700713597, 0.010526315789473684)
(-1, 1, 0.000458634320482101, 0.999989482745702, 0.010416666666666666)
(-1, -1, 0.000463411760980233, 0.999989262495436, 0.010309278350515464)
(-1, 1, 0.000468189201467789, 0.999989039962801, 0.01020408163265306)
(1, -1, 0.000472966641944658, 0.999988815147797, 0.010101010101010102)
(1, 1, 0.000477744082410732, 0.999988588050423, 0.01)
(1, -1, 0.000482521522865903, 0.999988358670682, 0.009900990099009901)
(1, 1, 0.000487298963310060, 0.999988127008573, 0.00980392156862745)
(-1, -1, 0.000492076403743095, 0.999987893064097, 0.009708737864077669)
(-1, 1, 0.000496853844164899, 0.999987656837254, 0.009615384615384616)
(1, -1, 0.000501631284575363, 0.999987418328045, 0.009523809523809525)
(1, 1, 0.000506408724974378, 0.999987177536470, 0.009433962264150943)
(-1, -1, 0.000511186165361835, 0.999986934462531, 0.009345794392523364)
(1, 1, 0.000515963605737624, 0.999986689106227, 0.009259259259259259)
(-1, -1, 0.000520741046101637, 0.999986441467559, 0.009174311926605505)
(-1, 1, 0.000525518486453764, 0.999986191546528, 0.00909090909090909)
(1, -1, 0.000530295926793897, 0.999985939343134, 0.009009009009009009)
(1, 1, 0.000535073367121927, 0.999985684857378, 0.008928571428571428)
(-1, -1, 0.000539850807437744, 0.999985428089260, 0.008849557522123894)
(1, 1, 0.000544628247741240, 0.999985169038781, 0.008771929824561403)
(-1, -1, 0.000549405688032305, 0.999984907705942, 0.008695652173913044)
(-1, 1, 0.000554183128310831, 0.999984644090744, 0.008620689655172414)
(1, -1, 0.000558960568576707, 0.999984378193186, 0.008547008547008548)
(1, 1, 0.000563738008829827, 0.999984110013269, 0.00847457627118644)
(-1, -1, 0.000568515449070079, 0.999983839550994, 0.008403361344537815)
(-1, 1, 0.000573292889297356, 0.999983566806362, 0.008333333333333333)
(1, -1, 0.000578070329511547, 0.999983291779374, 0.008264462809917356)
(-1, 1, 0.000582847769712545, 0.999983014470029, 0.00819672131147541)
(1, -1, 0.000587625209900241, 0.999982734878328, 0.008130081300813009)
(-1, 1, 0.000592402650074524, 0.999982453004273, 0.008064516129032258)
(1, -1, 0.000597180090235286, 0.999982168847864, 0.008)
(-1, 1, 0.000601957530382419, 0.999981882409101, 0.007936507936507936)
(-1, -1, 0.000606734970515812, 0.999981593687985, 0.007874015748031496)
(-1, 1, 0.000611512410635357, 0.999981302684517, 0.0078125)
(-1, -1, 0.000616289850740945, 0.999981009398697, 0.007751937984496124)
(-1, 1, 0.000621067290832467, 0.999980713830526, 0.007692307692307693)
(1, -1, 0.000625844730909813, 0.999980415980005, 0.007633587786259542)
(1, 1, 0.000630622170972876, 0.999980115847135, 0.007575757575757576)
(-1, -1, 0.000635399611021545, 0.999979813431916, 0.007518796992481203)
(1, 1, 0.000640177051055712, 0.999979508734348, 0.007462686567164179)
(1, -1, 0.000644954491075267, 0.999979201754433, 0.007407407407407408)
(1, 1, 0.000649731931080102, 0.999978892492171, 0.007352941176470588)
(1, -1, 0.000654509371070108, 0.999978580947564, 0.0072992700729927005)
(1, 1, 0.000659286811045175, 0.999978267120610, 0.007246376811594203)
(-1, -1, 0.000664064251005194, 0.999977951011313, 0.007194244604316547)
(1, 1, 0.000668841690950057, 0.999977632619671, 0.007142857142857143)
(1, -1, 0.000673619130879655, 0.999977311945686, 0.0070921985815602835)
(-1, 1, 0.000678396570793877, 0.999976988989358, 0.007042253521126761)
(1, -1, 0.000683174010692617, 0.999976663750689, 0.006993006993006993)
(1, 1, 0.000687951450575763, 0.999976336229679, 0.006944444444444444)
(-1, -1, 0.000692728890443207, 0.999976006426329, 0.006896551724137931)
(1, 1, 0.000697506330294841, 0.999975674340639, 0.00684931506849315)
(1, -1, 0.000702283770130555, 0.999975339972610, 0.006802721088435374)
(1, 1, 0.000707061209950240, 0.999975003322243, 0.006756756756756757)
(-1, -1, 0.000711838649753787, 0.999974664389539, 0.006711409395973154)
(-1, 1, 0.000716616089541088, 0.999974323174499, 0.006666666666666667)
(-1, -1, 0.000721393529312032, 0.999973979677123, 0.006622516556291391)
(1, 1, 0.000726170969066511, 0.999973633897412, 0.006578947368421052)
(-1, -1, 0.000730948408804416, 0.999973285835368, 0.006535947712418301)
(-1, 1, 0.000735725848525638, 0.999972935490989, 0.006493506493506494)
(-1, -1, 0.000740503288230068, 0.999972582864279, 0.0064516129032258064)
(1, 1, 0.000745280727917596, 0.999972227955236, 0.00641025641025641)
(-1, -1, 0.000750058167588114, 0.999971870763863, 0.006369426751592357)
(-1, 1, 0.000754835607241513, 0.999971511290160, 0.006329113924050633)
(-1, -1, 0.000759613046877684, 0.999971149534128, 0.006289308176100629)
(-1, 1, 0.000764390486496517, 0.999970785495767, 0.00625)
(-1, -1, 0.000769167926097904, 0.999970419175078, 0.006211180124223602)
(-1, 1, 0.000773945365681736, 0.999970050572063, 0.006172839506172839)
(1, -1, 0.000778722805247903, 0.999969679686722, 0.006134969325153374)
(1, 1, 0.000783500244796296, 0.999969306519056, 0.006097560975609756)
(1, -1, 0.000788277684326807, 0.999968931069065, 0.006060606060606061)
(-1, 1, 0.000793055123839326, 0.999968553336752, 0.006024096385542169)
(-1, -1, 0.000797832563333745, 0.999968173322116, 0.005988023952095809)
(-1, 1, 0.000802610002809954, 0.999967791025158, 0.005952380952380952)
(1, -1, 0.000807387442267844, 0.999967406445879, 0.005917159763313609)
(1, 1, 0.000812164881707307, 0.999967019584281, 0.0058823529411764705)
(-1, -1, 0.000816942321128232, 0.999966630440363, 0.005847953216374269)
(-1, 1, 0.000821719760530512, 0.999966239014128, 0.005813953488372093)
(1, -1, 0.000826497199914037, 0.999965845305575, 0.005780346820809248)
(1, 1, 0.000831274639278698, 0.999965449314706, 0.005747126436781609)
(1, -1, 0.000836052078624386, 0.999965051041522, 0.005714285714285714)
(1, 1, 0.000840829517950992, 0.999964650486023, 0.005681818181818182)
(-1, -1, 0.000845606957258407, 0.999964247648211, 0.005649717514124294)
(-1, 1, 0.000850384396546522, 0.999963842528086, 0.0056179775280898875)
(-1, -1, 0.000855161835815228, 0.999963435125649, 0.00558659217877095)
