481.554362010861
(1, -1, 5.49059583585850e-6, 0.809021512558808, 1.0)
(1, 1, 0.0000109811916715515, 0.309031615565884, 0.5)
(-1, -1, 0.0000164717875069134, -0.308995062451602, 0.3333333333333333)
(1, 1, 0.0000219623833417788, -0.808998921161480, 0.25)
(-1, -1, 0.0000274529791759820, -0.999999999261407, 0.2)
(-1, 1, 0.0000329435750093577, -0.809044102761061, 0.16666666666666666)
(1, -1, 0.0000384341708417402, -0.309068168223668, 0.14285714285714285)
(1, 1, 0.0000439247666729641, 0.308958508880878, 0.125)
(1, -1, 0.0000494153625028637, 0.808976328569111, 0.1111111111111111)
(-1, 1, 0.0000549059583312737, 0.999999997045629, 0.1)
(1, -1, 0.0000603965541580284, 0.809066691768206, 0.09090909090909091)
(-1, 1, 0.0000658871499829624, 0.309104720424901, 0.08333333333333333)
(-1, -1, 0.0000713777458059101, -0.308921954853764, 0.07692307692307693)
(1, 1, 0.0000768683416267060, -0.808953734781733, 0.07142857142857142)
(1, -1, 0.0000823589374451846, -0.999999993352665, 0.06666666666666667)
(1, 1, 0.0000878495332611803, -0.809089279580210, 0.0625)
(1, -1, 0.0000933401290745277, -0.309141272169530, 0.058823529411764705)
(1, 1, 0.0000988307248850612, 0.308885400370316, 0.05555555555555555)
(1, -1, 0.000104321320692615, 0.808931139799381, 0.05263157894736842)
(-1, 1, 0.000109811916497024, 0.999999988182516, 0.05)
(-1, -1, 0.000115302512298123, 0.809111866197038, 0.047619047619047616)
(1, 1, 0.000120793108095746, 0.309177823457499, 0.045454545454545456)
(1, -1, 0.000126283703889727, -0.308848845430586, 0.043478260869565216)
(-1, 1, 0.000131774299679901, -0.808908543622087, 0.041666666666666664)
(1, -1, 0.000137264895466103, -0.999999981535181, 0.04)
(-1, 1, 0.000142755491248166, -0.809134451618658, 0.038461538461538464)
(-1, -1, 0.000148246087025926, -0.309214374288756, 0.037037037037037035)
(1, 1, 0.000153736682799217, 0.308812290034629, 0.03571428571428571)
(1, -1, 0.000159227278567873, 0.808885946249886, 0.034482758620689655)
(1, 1, 0.000164717874331729, 0.999999973410661, 0.03333333333333333)
(1, -1, 0.000170208470090619, 0.809157035845037, 0.03225806451612903)
(1, 1, 0.000175699065844378, 0.309250924663245, 0.03125)
(-1, -1, 0.000181189661592841, -0.308775734182500, 0.030303030303030304)
(1, 1, 0.000186680257335841, -0.808863347682810, 0.029411764705882353)
(-1, -1, 0.000192170853073213, -0.999999963808956, 0.02857142857142857)
(1, 1, 0.000197661448804792, -0.809179618876140, 0.027777777777777776)
(1, -1, 0.000203152044530412, -0.309287474580913, 0.02702702702702703)
(1, 1, 0.000208642640249908, 0.308739177874251, 0.02631578947368421)
(1, -1, 0.000214133235963114, 0.808840747920892, 0.02564102564102564)
(-1, 1, 0.000219623831669864, 0.999999952730065, 0.025)
(-1, -1, 0.000225114427369994, 0.809202200711935, 0.024390243902439025)
(-1, 1, 0.000230605023063337, 0.309324024041707, 0.023809523809523808)
(-1, -1, 0.000236095618749728, -0.308702621109937, 0.023255813953488372)
(1, 1, 0.000241586214429002, -0.808818146964167, 0.022727272727272728)
(-1, -1, 0.000247076810100993, -0.999999940173988, 0.022222222222222223)
(1, 1, 0.000252567405765535, -0.809224781352388, 0.021739130434782608)
(-1, -1, 0.000258058001422463, -0.309360573045572, 0.02127659574468085)
(-1, 1, 0.000263548597071612, 0.308666063889613, 0.020833333333333332)
(1, -1, 0.000269039192712815, 0.808795544812667, 0.02040816326530612)
(1, 1, 0.000274529788345908, 0.999999926140726, 0.02)
(-1, -1, 0.000280020383970724, 0.809247360797466, 0.0196078431372549)
(-1, 1, 0.000285510979587099, 0.309397121592453, 0.019230769230769232)
(1, -1, 0.000291001575194867, -0.308629506213331, 0.018867924528301886)
(-1, 1, 0.000296492170793862, -0.808772941466427, 0.018518518518518517)
(-1, -1, 0.000301982766383919, -0.999999910630279, 0.01818181818181818)
(1, 1, 0.000307473361964872, -0.809269939047136, 0.017857142857142856)
(-1, -1, 0.000312963957536556, -0.309433669682298, 0.017543859649122806)
(1, 1, 0.000318454553098805, 0.308592948081146, 0.017241379310344827)
(-1, -1, 0.000323945148651453, 0.808750336925478, 0.01694915254237288)
(1, 1, 0.000329435744194336, 0.999999893642647, 0.016666666666666666)
(1, -1, 0.000334926339727287, 0.809292516101364, 0.01639344262295082)
(1, 1, 0.000340416935250142, 0.309470217315051, 0.016129032258064516)
(1, -1, 0.000345907530762734, -0.308556389493112, 0.015873015873015872)
(1, 1, 0.000351398126264898, -0.808727731189856, 0.015625)
(1, -1, 0.000356888721756469, -0.999999875177829, 0.015384615384615385)
(-1, 1, 0.000362379317237280, -0.809315091960117, 0.015151515151515152)
(1, -1, 0.000367869912707167, -0.309506764490660, 0.014925373134328358)
(1, 1, 0.000373360508165964, 0.308519830449283, 0.014705882352941176)
(-1, -1, 0.000378851103613506, 0.808705124259593, 0.014492753623188406)
(-1, 1, 0.000384341699049626, 0.999999855235826, 0.014285714285714285)
(-1, -1, 0.000389832294474160, 0.809337666623361, 0.014084507042253521)
(1, 1, 0.000395322889886942, 0.309543311209070, 0.013888888888888888)
(1, -1, 0.000400813485287806, -0.308483270949714, 0.0136986301369863)
(1, 1, 0.000406304080676586, -0.808682516134722, 0.013513513513513514)
(-1, -1, 0.000411794676053119, -0.999999833816637, 0.013333333333333334)
(1, 1, 0.000417285271417236, -0.809360240091063, 0.013157894736842105)
(1, -1, 0.000422775866768774, -0.309579857470227, 0.012987012987012988)
(1, 1, 0.000428266462107567, 0.308446710994457, 0.01282051282051282)
(-1, -1, 0.000433757057433449, 0.808659906815277, 0.012658227848101266)
(-1, 1, 0.000439247652746255, 0.999999810920263, 0.0125)
(1, -1, 0.000444738248045819, 0.809382812363190, 0.012345679012345678)
(-1, 1, 0.000450228843331975, 0.309616403274077, 0.012195121951219513)
(-1, -1, 0.000455719438604559, -0.308410150583567, 0.012048192771084338)
(-1, 1, 0.000461210033863404, -0.808637296301291, 0.011904761904761904)
(-1, -1, 0.000466700629108346, -0.999999786546704, 0.011764705882352941)
(-1, 1, 0.000472191224339217, -0.809405383439709, 0.011627906976744186)
(-1, -1, 0.000477681819555854, -0.309652948620566, 0.011494252873563218)
(1, 1, 0.000483172414758091, 0.308373589717098, 0.011363636363636364)
(1, -1, 0.000488663009945761, 0.808614684592798, 0.011235955056179775)
(-1, 1, 0.000494153605118700, 0.999999760695960, 0.011111111111111112)
(-1, -1, 0.000499644200276742, 0.809427953320586, 0.01098901098901099)
(1, 1, 0.000505134795419721, 0.309689493509641, 0.010869565217391304)
(-1, -1, 0.000510625390547472, -0.308337028395104, 0.010752688172043012)
(-1, 1, 0.000516115985659829, -0.808592071689831, 0.010638297872340425)
(-1, -1, 0.000521606580756627, -0.999999733368031, 0.010526315789473684)
(-1, 1, 0.000527097175837701, -0.809450522005787, 0.010416666666666666)
(-1, -1, 0.000532587770902884, -0.309726037941247, 0.010309278350515464)
(1, 1, 0.000538078365952011, 0.308300466617639, 0.01020408163265306)
(1, -1, 0.000543568960984918, 0.808569457592424, 0.010101010101010102)
(1, 1, 0.000549059556001437, 0.999999704562917, 0.01)
(-1, -1, 0.000554550151001405, 0.809473089495280, 0.009900990099009901)
(-1, 1, 0.000560040745984654, 0.309762581915329, 0.00980392156862745)
(-1, -1, 0.000565531340951020, -0.308263904384757, 0.009708737864077669)
(-1, 1, 0.000571021935900337, -0.808546842300610, 0.009615384615384616)
(1, -1, 0.000576512530832440, -0.999999674280617, 0.009523809523809525)
(1, 1, 0.000582003125747163, -0.809495655789031, 0.009433962264150943)
(1, -1, 0.000587493720644340, -0.309799125431836, 0.009345794392523364)
(-1, 1, 0.000592984315523807, 0.308227341696513, 0.009259259259259259)
(1, -1, 0.000598474910385397, 0.808524225814422, 0.009174311926605505)
(-1, 1, 0.000603965505228945, 0.999999642521133, 0.00909090909090909)
(-1, -1, 0.000609456100054285, 0.809518220887007, 0.009009009009009009)
(1, 1, 0.000614946694861252, 0.309835668490711, 0.008928571428571428)
(-1, -1, 0.000620437289649681, -0.308190778552959, 0.008849557522123894)
(-1, 1, 0.000625927884419406, -0.808501608133893, 0.008771929824561403)
(-1, -1, 0.000631418479170261, -0.999999609284464, 0.008695652173913044)
(1, 1, 0.000636909073902081, -0.809540784789174, 0.008620689655172414)
(-1, -1, 0.000642399668614700, -0.309872211091901, 0.008547008547008548)
(-1, 1, 0.000647890263307953, 0.308154214954150, 0.00847457627118644)
(1, -1, 0.000653380857981674, 0.808478989259058, 0.008403361344537815)
(1, 1, 0.000658871452635699, 0.999999574570609, 0.008333333333333333)
(1, -1, 0.000664362047269860, 0.809563347495500, 0.008264462809917356)
(1, 1, 0.000669852641883993, 0.309908753235353, 0.00819672131147541)
(1, -1, 0.000675343236477932, -0.308117650900140, 0.008130081300813009)
(1, 1, 0.000680833831051512, -0.808456369189950, 0.008064516129032258)
(-1, -1, 0.000686324425604567, -0.999999538379570, 0.008)
(1, 1, 0.000691815020136932, -0.809585909005950, 0.007936507936507936)
(1, -1, 0.000697305614648441, -0.309945294921012, 0.007874015748031496)
(1, 1, 0.000702796209138928, 0.308081086390984, 0.0078125)
(1, -1, 0.000708286803608228, 0.808433747926601, 0.007751937984496124)
(1, 1, 0.000713777398056176, 0.999999500711346, 0.007692307692307693)
(1, -1, 0.000719267992482606, 0.809608469320491, 0.007633587786259542)
(-1, 1, 0.000724758586887353, 0.309981836148824, 0.007575757575757576)
(1, -1, 0.000730249181270250, -0.308044521426735, 0.007518796992481203)
(1, 1, 0.000735739775631133, -0.808411125469046, 0.007462686567164179)
(1, -1, 0.000741230369969836, -0.999999461565938, 0.007407407407407408)
(1, 1, 0.000746720964286193, -0.809631028439091, 0.007352941176470588)
(1, -1, 0.000752211558580039, -0.310018376918736, 0.0072992700729927005)
(-1, 1, 0.000757702152851208, 0.308007956007446, 0.007246376811594203)
(-1, -1, 0.000763192747099536, 0.808388501817318, 0.007194244604316547)
(-1, 1, 0.000768683341324855, 0.999999420943344, 0.007142857142857143)
(1, -1, 0.000774173935527001, 0.809653586361715, 0.0070921985815602835)
(-1, 1, 0.000779664529705809, 0.310054917230693, 0.007042253521126761)
(-1, -1, 0.000785155123861112, -0.307971390133173, 0.006993006993006993)
(1, 1, 0.000790645717992746, -0.808365876971450, 0.006944444444444444)
(-1, -1, 0.000796136312100544, -0.999999378843566, 0.006896551724137931)
(1, 1, 0.000801626906184341, -0.809676143088331, 0.00684931506849315)
(-1, -1, 0.000807117500243972, -0.310091457084641, 0.006802721088435374)
(1, 1, 0.000812608094279271, 0.307934823803969, 0.006756756756756757)
(1, -1, 0.000818098688290073, 0.808343250931475, 0.006711409395973154)
(-1, 1, 0.000823589282276212, 0.999999335266604, 0.006666666666666667)
(1, -1, 0.000829079876237522, 0.809698698618905, 0.006622516556291391)
(1, 1, 0.000834570470173838, 0.310127996480527, 0.006578947368421052)
(1, -1, 0.000840061064084995, -0.307898257019888, 0.006535947712418301)
(1, 1, 0.000845551657970827, -0.808320623697428, 0.006493506493506494)
(-1, -1, 0.000851042251831168, -0.999999290212456, 0.0064516129032258064)
(1, 1, 0.000856532845665853, -0.809721252953404, 0.00641025641025641)
(-1, -1, 0.000862023439474717, -0.310164535418296, 0.006369426751592357)
(-1, 1, 0.000867514033257593, 0.307861689780984, 0.006329113924050633)
(-1, -1, 0.000873004627014317, 0.808297995269341, 0.006289308176100629)
(-1, 1, 0.000878495220744723, 0.999999243681125, 0.00625)
(1, -1, 0.000883985814448645, 0.809743806091795, 0.006211180124223602)
(1, 1, 0.000889476408125918, 0.310201073897895, 0.006172839506172839)
(1, -1, 0.000894967001776375, -0.307825122087311, 0.006134969325153374)
(-1, 1, 0.000900457595399853, -0.808275365647248, 0.006097560975609756)
(1, -1, 0.000905948188996186, -0.999999195672609, 0.006060606060606061)
(-1, 1, 0.000911438782565206, -0.809766358034044, 0.006024096385542169)
(-1, -1, 0.000916929376106750, -0.310237611919269, 0.005988023952095809)
(-1, 1, 0.000922419969620652, 0.307788553938924, 0.005952380952380952)
(1, -1, 0.000927910563106745, 0.808252734831182, 0.005917159763313609)
(-1, 1, 0.000933401156564866, 0.999999146186909, 0.0058823529411764705)
(1, -1, 0.000938891749994847, 0.809788908780117, 0.005847953216374269)
(-1, 1, 0.000944382343396524, 0.310274149482365, 0.005813953488372093)
(-1, -1, 0.000949872936769731, -0.307751985335876, 0.005780346820809248)
(-1, 1, 0.000955363530114303, -0.808230102821178, 0.005747126436781609)
(1, -1, 0.000960854123430073, -0.999999095224024, 0.005714285714285714)
