458.645114514768
(1, -1, 6.05280350031233e-6, 0.998026964057623, 1.0)
(1, 1, 0.0000121056070004029, 0.992115641972153, 0.5)
(-1, -1, 0.0000181584105000500, 0.982289360245472, 0.3333333333333333)
(1, 1, 0.0000242112139990318, 0.968586894091635, 0.25)
(1, -1, 0.0000302640174971266, 0.951062314427081, 0.2)
(-1, 1, 0.0000363168209941126, 0.929784774502919, 0.16666666666666666)
(-1, -1, 0.0000423696244897682, 0.904838237021218, 0.14285714285714285)
(1, 1, 0.0000484224279838714, 0.876321142812159, 0.125)
(1, -1, 0.0000544752314762006, 0.844346022379433, 0.1111111111111111)
(1, 1, 0.0000605280349665341, 0.809039051846793, 0.1)
(1, -1, 0.0000665808384546500, 0.770539555057992, 0.09090909090909091)
(-1, 1, 0.0000726336419403266, 0.728999453794887, 0.08333333333333333)
(-1, -1, 0.0000786864454233422, 0.684582668283161, 0.07692307692307693)
(-1, 1, 0.0000847392489034750, 0.637464470351333, 0.07142857142857142)
(-1, -1, 0.0000907920523805032, 0.587830791795523, 0.06666666666666667)
(1, 1, 0.0000968448558542052, 0.535877490679216, 0.0625)
(1, -1, 0.000102897659324359, 0.481809578463268, 0.058823529411764705)
(1, 1, 0.000108950462790743, 0.425840411015941, 0.05555555555555555)
(1, -1, 0.000115003266253136, 0.368190846695312, 0.05263157894736842)
(1, 1, 0.000121056069711315, 0.309088374826315, 0.05)
(1, -1, 0.000127108873165059, 0.248766218011512, 0.047619047619047616)
(1, 1, 0.000133161676614147, 0.187462411817937, 0.045454545454545456)
(-1, -1, 0.000139214480058355, 0.125418865471640, 0.043478260869565216)
(-1, 1, 0.000145267283497464, 0.0628804072664869, 0.041666666666666664)
(1, -1, 0.000151320086931250, 0.0000938184541178099, 0.04)
(-1, 1, 0.000157372890359493, -0.0626931405726153, 0.038461538461538464)
(-1, -1, 0.000163425693781970, -0.125232707959968, 0.037037037037037035)
(-1, 1, 0.000169478497198459, -0.187278098079388, 0.03571428571428571)
(-1, -1, 0.000175531300608740, -0.248584475361347, 0.034482758620689655)
(-1, 1, 0.000181584104012590, -0.308909920434097, 0.03333333333333333)
(1, -1, 0.000187636907409787, -0.368016384754900, 0.03225806451612903)
(1, 1, 0.000193689710800110, -0.425670629966693, 0.03125)
(-1, -1, 0.000199742514183336, -0.481645148273409, 0.030303030303030304)
(1, 1, 0.000205795317559245, -0.535719060202096, 0.029411764705882353)
(-1, -1, 0.000211848120927614, -0.587678986209193, 0.02857142857142857)
(1, 1, 0.000217900924288222, -0.637319888691549, 0.027777777777777776)
(-1, -1, 0.000223953727640847, -0.684445881079546, 0.02702702702702703)
(1, 1, 0.000230006530985267, -0.728871000819579, 0.02631578947368421)
(1, -1, 0.000236059334321260, -0.770419943195665, 0.02564102564102564)
(1, 1, 0.000242112137648605, -0.808928753094455, 0.025)
(-1, -1, 0.000248164940967080, -0.844245471983889, 0.024390243902439025)
(1, 1, 0.000254217744276463, -0.876230737552498, 0.023809523809523808)
(-1, -1, 0.000260270547576532, -0.904758333643094, 0.023255813953488372)
(1, 1, 0.000266323350867066, -0.929715688310804, 0.022727272727272728)
(1, -1, 0.000272376154147843, -0.951004318040057, 0.022222222222222223)
(-1, 1, 0.000278428957418641, -0.968540216367613, 0.021739130434782608)
(1, -1, 0.000284481760679238, -0.982254185378108, 0.02127659574468085)
(-1, 1, 0.000290534563929413, -0.992092108764002, 0.020833333333333332)
(1, -1, 0.000296587367168943, -0.998015165372415, 0.02040816326530612)
(1, 1, 0.000302640170397608, -0.999999982396195, 0.02)
(-1, -1, 0.000308692973615185, -0.998038727604688, 0.0196078431372549)
(-1, 1, 0.000314745776821453, -0.992139140250285, 0.019230769230769232)
(-1, -1, 0.000320798580016189, -0.982324500528776, 0.018867924528301886)
(-1, 1, 0.000326851383199173, -0.968633537714027, 0.018518518518518517)
(1, -1, 0.000332904186370182, -0.951120277329475, 0.01818181818181818)
(-1, 1, 0.000338956989528995, -0.929853827959534, 0.017857142857142856)
(-1, -1, 0.000345009792675389, -0.904918108542152, 0.017543859649122806)
(-1, 1, 0.000351062595809143, -0.876411517218648, 0.017241379310344827)
(1, -1, 0.000357115398930036, -0.844446543047572, 0.01694915254237288)
(-1, 1, 0.000363168202037846, -0.809149322114800, 0.016666666666666666)
(-1, -1, 0.000369221005132350, -0.770659139791463, 0.01639344262295082)
(1, 1, 0.000375273808213327, -0.729127881103867, 0.016129032258064516)
(-1, -1, 0.000381326611280555, -0.684719431384257, 0.015873015873015872)
(1, 1, 0.000387379414333813, -0.637609029567518, 0.015625)
(-1, -1, 0.000393432217372879, -0.587982576685737, 0.015384615384615385)
(-1, 1, 0.000399485020397531, -0.536035902289371, 0.015151515151515152)
(-1, -1, 0.000405537823407547, -0.481973991689763, 0.014925373134328358)
(1, 1, 0.000411590626402706, -0.426010177072366, 0.014705882352941176)
(1, -1, 0.000417643429382786, -0.368365295672605, 0.014492753623188406)
(-1, 1, 0.000423696232347564, -0.309266818336271, 0.014285714285714285)
(1, -1, 0.000429749035296820, -0.248947951903213, 0.014084507042253521)
(1, 1, 0.000435801838230331, -0.187646718956383, 0.013888888888888888)
(1, -1, 0.000441854641147877, -0.125605018567613, 0.0136986301369863)
(-1, 1, 0.000447907444049234, -0.0630676717464895, 0.013513513513513514)
(-1, -1, 0.000453960246934181, -0.000281455359050184, 0.013333333333333334)
(1, 1, 0.000460013049802497, 0.0625058716714682, 0.013157894736842105)
(-1, -1, 0.000466065852653960, 0.125046546039152, 0.012987012987012988)
(1, 1, 0.000472118655488348, 0.187093777747225, 0.01282051282051282)
(-1, -1, 0.000478171458305439, 0.248402723959117, 0.012658227848101266)
(1, 1, 0.000484224261105011, 0.308731455165899, 0.0125)
(1, -1, 0.000490277063886843, 0.367841909857510, 0.012345679012345678)
(-1, 1, 0.000496329866650714, 0.425500833930600, 0.012195121951219513)
(1, -1, 0.000502382669396400, 0.481480701125976, 0.012048192771084338)
(1, 1, 0.000508435472123681, 0.535560610863588, 0.011904761904761904)
(1, -1, 0.000514488274832335, 0.587527159932090, 0.011764705882352941)
(-1, 1, 0.000520541077522140, 0.637175284593255, 0.011627906976744186)
(1, -1, 0.000526593880192874, 0.684309069778227, 0.011494252873563218)
(1, 1, 0.000532646682844315, 0.728742522182465, 0.011363636363636364)
(1, -1, 0.000538699485476242, 0.770300304208694, 0.011235955056179775)
(1, 1, 0.000544752288088433, 0.808818425861669, 0.011111111111111112)
(1, -1, 0.000550805090680667, 0.844144891864480, 0.01098901098901099)
(-1, 1, 0.000556857893252721, 0.876140301442847, 0.010869565217391304)
(-1, -1, 0.000562910695804373, 0.904678398410591, 0.010752688172043012)
(1, 1, 0.000568963498335403, 0.929646569385623, 0.010638297872340425)
(1, -1, 0.000575016300845587, 0.950946288170445, 0.010526315789473684)
(-1, 1, 0.000581069103334706, 0.968493504543607, 0.010416666666666666)
(1, -1, 0.000587121905802535, 0.982218975927923, 0.010309278350515464)
(1, 1, 0.000593174708248855, 0.992068540626659, 0.01020408163265306)
(1, -1, 0.000599227510673443, 0.998003331549479, 0.010101010101010102)
(1, 1, 0.000605280313076078, 0.999999929584782, 0.01)
(-1, -1, 0.000611333115456537, 0.998050456013195, 0.009900990099009901)
(-1, 1, 0.000617385917814599, 0.992162603597569, 0.00980392156862745)
(-1, -1, 0.000623438720150042, 0.982359606226783, 0.009708737864077669)
(-1, 1, 0.000629491522462645, 0.968680147233148, 0.009615384615384616)
(1, -1, 0.000635544324752185, 0.951178206745197, 0.009523809523809525)
(-1, 1, 0.000641597127018441, 0.929922848678219, 0.009433962264150943)
(-1, -1, 0.000647649929261192, 0.904997948203082, 0.009345794392523364)
(-1, 1, 0.000653702731480215, 0.876501860768782, 0.009259259259259259)
(1, -1, 0.000659755533675288, 0.844547033984768, 0.009174311926605505)
(1, 1, 0.000665808335846191, 0.809259563894594, 0.00909090909090909)
(1, -1, 0.000671861137992701, 0.770778697391869, 0.009009009009009009)
(-1, 1, 0.000677913940114595, 0.729256282741998, 0.008928571428571428)
(1, -1, 0.000683966742211654, 0.684856170378019, 0.008849557522123894)
(-1, 1, 0.000690019544283655, 0.637753566335012, 0.008771929824561403)
(-1, -1, 0.000696072346330376, 0.588134340874489, 0.008695652173913044)
(-1, 1, 0.000702125148351595, 0.536194295026984, 0.008620689655172414)
(-1, -1, 0.000708177950347090, 0.482138387947107, 0.008547008547008548)
(1, 1, 0.000714230752316641, 0.426179928129991, 0.00847457627118644)
(-1, -1, 0.000720283554260025, 0.368539731680636, 0.008403361344537815)
(-1, 1, 0.000726336356177020, 0.309445250957681, 0.008333333333333333)
(1, -1, 0.000732389158067405, 0.249129677030052, 0.008264462809917356)
(-1, 1, 0.000738441959930958, 0.187831019488237, 0.00819672131147541)
(1, -1, 0.000744494761767456, 0.125791167241334, 0.008130081300813009)
(1, 1, 0.000750547563576680, 0.0632549340060302, 0.008064516129032258)
(1, -1, 0.000756600365358405, 0.000469092254073409, 0.008)
(-1, 1, 0.000762653167112412, -0.0623186005696389, 0.007936507936507936)
(1, -1, 0.000768705968838478, -0.124860379715746, 0.007874015748031496)
(1, 1, 0.000774758770536381, -0.186909450827937, 0.0078125)
(1, -1, 0.000780811572205900, -0.248220963811221, 0.007751937984496124)
(-1, 1, 0.000786864373846812, -0.308552979028004, 0.007692307692307693)
(-1, -1, 0.000792917175458897, -0.367667422009287, 0.007633587786259542)
(-1, 1, 0.000798969977041932, -0.425331022913640, 0.007575757575757576)
(-1, -1, 0.000805022778595695, -0.481316237026759, 0.007518796992481203)
(-1, 1, 0.000811075580119966, -0.535402142669272, 0.007462686567164179)
(-1, -1, 0.000817128381614522, -0.587375312969561, 0.007407407407407408)
(1, 1, 0.000823181183079140, -0.637030658061543, 0.007352941176470588)
(-1, -1, 0.000829233984513601, -0.684172234384022, 0.0072992700729927005)
(1, 1, 0.000835286785917681, -0.728614017888069, 0.007246376811594203)
(-1, -1, 0.000841339587291159, -0.770180638101291, 0.007194244604316547)
(-1, 1, 0.000847392388633814, -0.808708070152320, 0.007142857142857143)
(-1, -1, 0.000853445189945423, -0.844044282024748, 0.0070921985815602835)
(1, 1, 0.000859497991225766, -0.876049834486391, 0.007042253521126761)
(-1, -1, 0.000865550792474619, -0.904598431326525, 0.006993006993006993)
(1, 1, 0.000871603593691761, -0.929577417729808, 0.006944444444444444)
(-1, -1, 0.000877656394876971, -0.950888224820287, 0.006896551724137931)
(1, 1, 0.000883709196030027, -0.968446758621259, 0.00684931506849315)
(-1, -1, 0.000889761997150706, -0.982183731896155, 0.006802721088435374)
(-1, 1, 0.000895814798238789, -0.992044937560954, 0.006756756756756757)
(1, -1, 0.000901867599294051, -0.997991462589232, 0.006711409395973154)
(-1, 1, 0.000907920400316273, -0.999999841565762, 0.006666666666666667)
(-1, -1, 0.000913973201305231, -0.998062149282731, 0.006622516556291391)
(1, 1, 0.000920026002260705, -0.992186032013180, 0.006578947368421052)
(1, -1, 0.000926078803182472, -0.982394677338256, 0.006535947712418301)
(-1, 1, 0.000932131604070312, -0.968726722647357, 0.006493506493506494)
(1, -1, 0.000938184404924001, -0.951236102672209, 0.0064516129032258064)
(1, 1, 0.000944237205743318, -0.929991836656544, 0.00641025641025641)
(1, -1, 0.000950290006528042, -0.905077756001199, 0.006369426751592357)
(-1, 1, 0.000956342807277951, -0.876592173459381, 0.006329113924050633)
(1, -1, 0.000962395607992822, -0.844647495187481, 0.006289308176100629)
(1, 1, 0.000968448408672435, -0.809369777182294, 0.00625)
(1, -1, 0.000974501209316568, -0.770898227854999, 0.006211180124223602)
(1, 1, 0.000980554009924998, -0.729384658704758, 0.006172839506172839)
(-1, -1, 0.000986606810497504, -0.684992885259633, 0.006134969325153374)
(-1, 1, 0.000992659611033864, -0.637898080648728, 0.006097560975609756)
(-1, -1, 0.000998712411533857, -0.588286084356438, 0.006060606060606061)
(1, 1, 0.00100476521199726, -0.536352668886476, 0.006024096385542169)
(-1, -1, 0.00101081801242385, -0.482302767229510, 0.005988023952095809)
(1, 1, 0.00101687081281341, -0.426349664182840, 0.005952380952380952)
(1, -1, 0.00102292361316572, -0.368714154713264, 0.005917159763313609)
(1, 1, 0.00102897641348055, -0.309623672684264, 0.0058823529411764705)
(1, -1, 0.00103502921375768, -0.249311393385630, 0.005847953216374269)
(-1, 1, 0.00104108201399689, -0.188015313407009, 0.005813953488372093)
(1, -1, 0.00104713481419796, -0.125977311486249, 0.005780346820809248)
