497.651421648285
(1, -1, 5.14114225001752e-6, 0.587777765578694, 1.0)
(-1, 1, 0.0000102822844998991, 0.951050796811089, 0.5)
(-1, -1, 0.0000154234267495090, 0.951065094910404, 0.3333333333333333)
(1, 1, 0.0000205645689987112, 0.587815198644220, 0.25)
(1, -1, 0.0000257057112473698, 0.0000462702802338512, 0.2)
(1, 1, 0.0000308468534953490, -0.587740331254771, 0.16666666666666666)
(1, -1, 0.0000359879957425129, -0.951036496675632, 0.14285714285714285)
(-1, 1, 0.0000411291379887256, -0.951079390973547, 0.125)
(1, -1, 0.0000462702802338512, -0.587852630451270, 0.1111111111111111)
(-1, 1, 0.0000514114224777538, -0.0000925405603686405, 0.1)
(-1, -1, 0.0000565525647202975, 0.587702895672532, 0.09090909090909091)
(-1, 1, 0.0000616937069613464, 0.951022194504065, 0.08333333333333333)
(1, -1, 0.0000668348492007647, 0.951093685000487, 0.07692307692307693)
(-1, 1, 0.0000719759914384165, 0.587890060999763, 0.07142857142857142)
(-1, -1, 0.0000771171336741659, 0.000138810840305306, 0.06666666666666667)
(1, 1, 0.0000822582759078769, -0.587665458832057, 0.0625)
(1, -1, 0.0000873994181394137, -0.951007890296417, 0.058823529411764705)
(-1, 1, 0.0000925405603686405, -0.951107976991193, 0.05555555555555555)
(-1, -1, 0.0000976817025954213, -0.587927490289620, 0.05263157894736842)
(1, 1, 0.000102822844819620, -0.000185081119944786, 0.05)
(-1, -1, 0.000107963987041101, 0.587628020733427, 0.047619047619047616)
(1, 1, 0.000113105129259729, 0.950993584052719, 0.045454545454545456)
(-1, -1, 0.000118246271475367, 0.951122266945636, 0.043478260869565216)
(1, 1, 0.000123387413687880, 0.587964918320760, 0.041666666666666664)
(1, -1, 0.000128528555897131, 0.000231351399188019, 0.04)
(-1, 1, 0.000133669698102985, -0.587590581376721, 0.038461538461538464)
(-1, -1, 0.000138810840305306, -0.950979275773002, 0.037037037037037035)
(1, 1, 0.000143951982503958, -0.951136554863784, 0.03571428571428571)
(-1, -1, 0.000149093124698806, -0.588002345093103, 0.034482758620689655)
(1, 1, 0.000154234266889712, -0.000277621677935943, 0.03333333333333333)
(1, -1, 0.000159375409076542, 0.587553140762019, 0.03225806451612903)
(-1, 1, 0.000164516551259159, 0.950964965457297, 0.03125)
(1, -1, 0.000169657693437428, 0.951150840745607, 0.030303030303030304)
(-1, 1, 0.000174798835611213, 0.588039770606570, 0.029411764705882353)
(1, -1, 0.000179939977780378, 0.000323891956089495, 0.02857142857142857)
(1, 1, 0.000185081119944786, -0.587515698889402, 0.027777777777777776)
(-1, -1, 0.000190222262104303, -0.950950653105634, 0.02702702702702703)
(1, 1, 0.000195363404258792, -0.951165124591074, 0.02631578947368421)
(-1, -1, 0.000200504546408117, -0.588077194861078, 0.02564102564102564)
(-1, 1, 0.000205645688552142, -0.000370162233549615, 0.025)
(1, -1, 0.000210786830690732, 0.587478255758950, 0.024390243902439025)
(1, 1, 0.000215927972823751, 0.950936338718044, 0.023809523809523808)
(-1, -1, 0.000221069114951062, 0.951179406400155, 0.023255813953488372)
(-1, 1, 0.000226210257072530, 0.588114617856550, 0.022727272727272728)
(1, -1, 0.000231351399188019, 0.000416432510217240, 0.022222222222222223)
(1, 1, 0.000236492541297393, -0.587440811370743, 0.021739130434782608)
(-1, -1, 0.000241633683400517, -0.950922022294557, 0.02127659574468085)
(-1, 1, 0.000246774825497253, -0.951193686172819, 0.020833333333333332)
(1, -1, 0.000251915967587467, -0.588152039592904, 0.02040816326530612)
(-1, 1, 0.000257057109671023, -0.000462702785993308, 0.02)
(-1, -1, 0.000262198251747784, 0.587403365724861, 0.0196078431372549)
(1, 1, 0.000267339393817615, 0.950907703835204, 0.019230769230769232)
(-1, -1, 0.000272480535880380, 0.951207963909035, 0.018867924528301886)
(1, 1, 0.000277621677935943, 0.588189460070061, 0.018518518518518517)
(-1, -1, 0.000282762819984168, 0.000508973060778758, 0.01818181818181818)
(-1, 1, 0.000287903962024919, -0.587365918821384, 0.017857142857142856)
(1, -1, 0.000293045104058060, -0.950893383340016, 0.017543859649122806)
(1, 1, 0.000298186246083456, -0.951222239608773, 0.017241379310344827)
(-1, -1, 0.000303327388100970, -0.588226879287940, 0.01694915254237288)
(-1, 1, 0.000308468530110467, -0.000555243334474528, 0.016666666666666666)
(-1, -1, 0.000313609672111811, 0.587328470660393, 0.01639344262295082)
(-1, 1, 0.000318750814104866, 0.950879060809024, 0.016129032258064516)
(1, -1, 0.000323891956089495, 0.951236513272003, 0.015873015873015872)
(1, 1, 0.000329033098065564, 0.588264297246461, 0.015625)
(1, -1, 0.000334174240032936, 0.000601513606981556, 0.015384615384615385)
(-1, 1, 0.000339315381991475, -0.587291021241967, 0.015151515151515152)
(1, -1, 0.000344456523941046, -0.950864736242258, 0.014925373134328358)
(1, 1, 0.000349597665881512, -0.951250784898693, 0.014705882352941176)
(1, -1, 0.000354738807812738, -0.588301713945544, 0.014492753623188406)
(-1, 1, 0.000359879949734588, -0.000647783878200780, 0.014285714285714285)
(1, -1, 0.000365021091646925, 0.587253570566188, 0.014084507042253521)
(-1, 1, 0.000370162233549615, 0.950850409639748, 0.013888888888888888)
(-1, -1, 0.000375303375442521, 0.951265054488814, 0.0136986301369863)
(1, 1, 0.000380444517325507, 0.588339129385110, 0.013513513513513514)
(-1, -1, 0.000385585659198437, 0.000694054148033139, 0.013333333333333334)
(-1, 1, 0.000390726801061176, -0.587216118633134, 0.013157894736842105)
(-1, -1, 0.000395867942913587, -0.950836081001526, 0.012987012987012988)
(1, 1, 0.000401009084755535, -0.951279322042334, 0.01282051282051282)
(1, -1, 0.000406150226586884, -0.588376543565077, 0.012658227848101266)
(1, 1, 0.000411291368407497, -0.000740324416379569, 0.0125)
(1, -1, 0.000416432510217240, 0.587178665442887, 0.012345679012345678)
(-1, 1, 0.000421573652015976, 0.950821750327622, 0.012195121951219513)
(1, -1, 0.000426714793803569, 0.951293587559224, 0.012048192771084338)
(-1, 1, 0.000431855935579883, 0.588413956485366, 0.011904761904761904)
(1, -1, 0.000436997077344783, 0.000786594683141011, 0.011764705882352941)
(1, 1, 0.000442138219098133, -0.587141210995526, 0.011627906976744186)
(1, -1, 0.000447279360839796, -0.950807417618067, 0.011494252873563218)
(1, 1, 0.000452420502569637, -0.951307851039452, 0.011363636363636364)
(1, -1, 0.000457561644287519, -0.588451368145896, 0.011235955056179775)
(-1, 1, 0.000462702785993308, -0.000832864948218402, 0.011111111111111112)
(1, -1, 0.000467843927686867, 0.587103755291131, 0.01098901098901099)
(-1, 1, 0.000472985069368061, 0.950793082872891, 0.010869565217391304)
(-1, -1, 0.000478126211036752, 0.951322112482988, 0.010752688172043012)
(1, 1, 0.000483267352692806, 0.588488778546589, 0.010638297872340425)
(-1, -1, 0.000488408494336087, 0.000879135211512679, 0.010526315789473684)
(1, 1, 0.000493549635966459, -0.587066298329783, 0.010416666666666666)
(1, -1, 0.000498690777583785, -0.950778746092125, 0.010309278350515464)
(-1, 1, 0.000503831919187930, -0.951336371889802, 0.01020408163265306)
(-1, -1, 0.000508973060778758, -0.588526187687363, 0.010101010101010102)
(1, 1, 0.000514114202356134, -0.000925405472924782, 0.01)
(1, -1, 0.000519255343919921, 0.587028840111563, 0.009900990099009901)
(1, 1, 0.000524396485469983, 0.950764407275800, 0.00980392156862745)
(-1, -1, 0.000529537627006184, 0.951350629259862, 0.009708737864077669)
(-1, 1, 0.000534678768528389, 0.588563595568138, 0.009615384615384616)
(-1, -1, 0.000539819910036462, 0.000971675732355648, 0.009523809523809525)
(1, 1, 0.000544961051530267, -0.586991380636549, 0.009433962264150943)
(1, -1, 0.000550102193009668, -0.950750066423947, 0.009345794392523364)
(-1, 1, 0.000555243334474528, -0.951364884593140, 0.009259259259259259)
(1, -1, 0.000560384475924713, -0.588601002188835, 0.009174311926605505)
(1, 1, 0.000565525617360086, -0.00101794598970622, 0.00909090909090909)
(1, -1, 0.000570666758780512, 0.586953919904823, 0.009009009009009009)
(1, 1, 0.000575807900185854, 0.950735723536596, 0.008928571428571428)
(-1, -1, 0.000580949041575977, 0.951379137889603, 0.008849557522123894)
(-1, 1, 0.000586090182950744, 0.588638407549373, 0.008771929824561403)
(-1, -1, 0.000591231324310021, 0.00106421624487742, 0.008695652173913044)
(-1, 1, 0.000596372465653670, -0.586916457916464, 0.008620689655172414)
(1, -1, 0.000601513606981556, -0.950721378613778, 0.008547008547008548)
(1, 1, 0.000606654748293544, -0.951393389149222, 0.00847457627118644)
(1, -1, 0.000611795889589497, -0.588675811649672, 0.008403361344537815)
(1, 1, 0.000616937030869279, -0.00111048649777021, 0.008333333333333333)
(1, -1, 0.000622078172132755, 0.586878994671553, 0.008264462809917356)
(1, 1, 0.000627219313379788, 0.950707031655524, 0.00819672131147541)
(-1, -1, 0.000632360454610243, 0.951407638371965, 0.008130081300813009)
(1, 1, 0.000637501595823984, 0.588713214489652, 0.008064516129032258)
(1, -1, 0.000642642737020875, 0.00115675674828551, 0.008)
(-1, 1, 0.000647783878200780, -0.586841530170170, 0.007936507936507936)
(1, -1, 0.000652925019363564, -0.950692682661864, 0.007874015748031496)
(-1, 1, 0.000658066160509089, -0.951421885557803, 0.0078125)
(1, -1, 0.000663207301637221, -0.588750616069233, 0.007751937984496124)
(-1, 1, 0.000668348442747824, -0.00120302699632427, 0.007692307692307693)
(-1, -1, 0.000673489583840761, 0.586804064412396, 0.007633587786259542)
(1, 1, 0.000678630724915897, 0.950678331632829, 0.007575757575757576)
(-1, -1, 0.000683771865973096, 0.951436130706705, 0.007518796992481203)
(-1, 1, 0.000688913007012222, 0.588788016388335, 0.007462686567164179)
(-1, -1, 0.000694054148033139, 0.00124929724178742, 0.007407407407407408)
(-1, 1, 0.000699195289035711, -0.586766597398309, 0.007352941176470588)
(1, -1, 0.000704336430019802, -0.950663978568450, 0.0072992700729927005)
(-1, 1, 0.000709477570985277, -0.951450373818641, 0.007246376811594203)
(1, -1, 0.000714618711932000, -0.588825415446878, 0.007194244604316547)
(1, 1, 0.000719759852859834, -0.00129556748457590, 0.007142857142857143)
(1, -1, 0.000724900993768644, 0.586729129127991, 0.0070921985815602835)
(-1, 1, 0.000730042134658294, 0.950649623468758, 0.007042253521126761)
(-1, -1, 0.000735183275528647, 0.951464614893579, 0.006993006993006993)
(1, 1, 0.000740324416379569, 0.588862813244782, 0.006944444444444444)
(-1, -1, 0.000745465557210924, 0.00134183772459065, 0.006896551724137931)
(1, 1, 0.000750606698022574, -0.586691659601522, 0.00684931506849315)
(-1, -1, 0.000755747838814385, -0.950635266333783, 0.006802721088435374)
(-1, 1, 0.000760888979586221, -0.951478853931490, 0.006756756756756757)
(1, -1, 0.000766030120337945, -0.588900209781966, 0.006711409395973154)
(1, 1, 0.000771171261069422, -0.00138810796173261, 0.006666666666666667)
(1, -1, 0.000776312401780516, 0.586654188818983, 0.006622516556291391)
(1, 1, 0.000781453542471091, 0.950620907163556, 0.006578947368421052)
(1, -1, 0.000786594683141011, 0.951493090932343, 0.006535947712418301)
(1, 1, 0.000791735823790140, 0.588937605058352, 0.006493506493506494)
(1, -1, 0.000796876964418343, 0.00143437819590271, 0.0064516129032258064)
(-1, 1, 0.000802018105025483, -0.586616716780452, 0.00641025641025641)
(1, -1, 0.000807159245611425, -0.950606545958108, 0.006369426751592357)
(-1, 1, 0.000812300386176033, -0.951507325896107, 0.006329113924050633)
(1, -1, 0.000817441526719170, -0.588974999073858, 0.006289308176100629)
(-1, 1, 0.000822582667240701, -0.00148064842700190, 0.00625)
(-1, -1, 0.000827723807740490, 0.586579243486011, 0.006211180124223602)
(-1, 1, 0.000832864948218402, 0.950592182717469, 0.006172839506172839)
(1, -1, 0.000838006088674299, 0.951521558822753, 0.006134969325153374)
(1, 1, 0.000843147229108047, 0.589012391828404, 0.006097560975609756)
(1, -1, 0.000848288369519510, 0.00152691865493111, 0.006060606060606061)
(-1, 1, 0.000853429509908551, -0.586541768935739, 0.006024096385542169)
(1, -1, 0.000858570650275035, -0.950577817441670, 0.005988023952095809)
(1, 1, 0.000863711790618825, -0.951535789712249, 0.005952380952380952)
(1, -1, 0.000868852930939787, -0.589049783321911, 0.005917159763313609)
(-1, 1, 0.000873994071237783, -0.00157318887959128, 0.0058823529411764705)
(-1, -1, 0.000879135211512679, 0.586504293129718, 0.005847953216374269)
(-1, 1, 0.000884276351764338, 0.950563450130743, 0.005813953488372093)
(1, -1, 0.000889417491992625, 0.951550018564564, 0.005780346820809248)
(-1, 1, 0.000894558632197403, 0.589087173554298, 0.005747126436781609)
(1, -1, 0.000899699772378536, 0.00161945910088335, 0.005714285714285714)
(-1, 1, 0.000904840912535889, -0.586466816068027, 0.005681818181818182)
(1, -1, 0.000909982052669327, -0.950549080784717, 0.005649717514124294)
