488.727074177104
(1, -1, 5.33061505758882e-6, 0.0627853058340763, 1.0)
(-1, 1, 0.0000106612301150262, 0.125322867937595, 0.5)
(-1, -1, 0.0000159918451721606, 0.187365920148797, 0.3333333333333333)
(1, 1, 0.0000213224602288406, 0.248669647586147, 0.25)
(1, -1, 0.0000266530752849147, 0.308992152660223, 0.2)
(1, 1, 0.0000319836903402314, 0.368095409574300, 0.16666666666666666)
(-1, -1, 0.0000373143053946393, 0.425746203547286, 0.14285714285714285)
(-1, 1, 0.0000426449204479869, 0.481717051052920, 0.125)
(1, -1, 0.0000479755355001228, 0.535787097444095, 0.1111111111111111)
(-1, 1, 0.0000533061505508954, 0.587742988420367, 0.1)
(-1, -1, 0.0000586367656001532, 0.637379711899945, 0.09090909090909091)
(-1, 1, 0.0000639673806477449, 0.684501406974227, 0.08333333333333333)
(-1, -1, 0.0000692979956935189, 0.728922136752841, 0.07692307692307693)
(1, 1, 0.0000746286107373238, 0.770466622049626, 0.07142857142857142)
(-1, -1, 0.0000799592257790081, 0.808970933014520, 0.06666666666666667)
(1, 1, 0.0000852898408184203, 0.844283135982243, 0.0625)
(-1, -1, 0.0000906204558554089, 0.876263892985397, 0.058823529411764705)
(-1, 1, 0.0000959510708898226, 0.904787011566356, 0.05555555555555555)
(1, -1, 0.000101281685921510, 0.929739942718461, 0.05263157894736842)
(1, 1, 0.000106612300950319, 0.951024224991699, 0.05)
(1, -1, 0.000111942915976099, 0.968555873010469, 0.047619047619047616)
(1, 1, 0.000117273530998697, 0.982265708870400, 0.045454545454545456)
(-1, -1, 0.000122604146017964, 0.992099635106548, 0.043478260869565216)
(1, 1, 0.000127934761033746, 0.998018848155892, 0.041666666666666664)
(1, -1, 0.000133265376045894, 0.999999991471811, 0.04)
(1, 1, 0.000138595991054254, 0.998035247686382, 0.038461538461538464)
(-1, -1, 0.000143926606058676, 0.992132369456832, 0.037037037037037035)
(-1, 1, 0.000149257221059009, 0.982314648874427, 0.03571428571428571)
(-1, -1, 0.000154587836055100, 0.968620825556506, 0.034482758620689655)
(1, 1, 0.000159918451046799, 0.951104933784330, 0.03333333333333333)
(1, -1, 0.000165249066033953, 0.929836089289901, 0.03225806451612903)
(-1, 1, 0.000170579681016412, 0.904898216533084, 0.03125)
(1, -1, 0.000175910295994023, 0.876389717545166, 0.030303030303030304)
(1, 1, 0.000181240910966637, 0.844423083645541, 0.029411764705882353)
(-1, -1, 0.000186571525934100, 0.809124451563663, 0.02857142857142857)
(1, 1, 0.000191902140896261, 0.770633105717747, 0.027777777777777776)
(-1, -1, 0.000197232755852970, 0.729100928614175, 0.02702702702702703)
(-1, 1, 0.000202563370804074, 0.684691801536268, 0.02631578947368421)
(1, -1, 0.000207893985749422, 0.637580957887240, 0.02564102564102564)
(-1, 1, 0.000213224600688863, 0.587954291738965, 0.025)
(-1, -1, 0.000218555215622245, 0.536007624314949, 0.024390243902439025)
(-1, 1, 0.000223885830549416, 0.481945931301887, 0.023809523809523808)
(-1, -1, 0.000229216445470226, 0.425982534038736, 0.023255813953488372)
(-1, 1, 0.000234547060384522, 0.368338257774788, 0.022727272727272728)
(1, -1, 0.000239877675292154, 0.309240560318157, 0.022222222222222223)
(1, 1, 0.000245208290192970, 0.248922634512948, 0.021739130434782608)
(1, -1, 0.000250538905086817, 0.187622488086604, 0.02127659574468085)
(-1, 1, 0.000255869519973546, 0.125582004498282, 0.020833333333333332)
(1, -1, 0.000261200134853004, 0.0630459884940236, 0.02040816326530612)
(-1, 1, 0.000266530749725040, 0.000261200134853004, 0.02)
(1, -1, 0.000271861364589502, -0.0625246188905694, 0.0196078431372549)
(-1, 1, 0.000277191979446239, -0.125063722826691, 0.019230769230769232)
(1, -1, 0.000282522594295100, -0.187109339427855, 0.018867924528301886)
(1, 1, 0.000287853209135932, -0.248416643693733, 0.018518518518518517)
(-1, -1, 0.000293183823968585, -0.308743723921140, 0.01818181818181818)
(1, 1, 0.000298514438792907, -0.367852536260315, 0.017857142857142856)
(-1, -1, 0.000303845053608747, -0.425509844009084, 0.017543859649122806)
(1, 1, 0.000309175668415953, -0.481488137938562, 0.017241379310344827)
(1, -1, 0.000314506283214373, -0.535566534018893, 0.01694915254237288)
(-1, 1, 0.000319836898003857, -0.587531645002703, 0.016666666666666666)
(-1, -1, 0.000325167512784252, -0.637178422427092, 0.01639344262295082)
(-1, 1, 0.000330498127555408, -0.684310965711728, 0.016129032258064516)
(-1, -1, 0.000335828742317172, -0.728743295160422, 0.015873015873015872)
(1, 1, 0.000341159357069394, -0.770300085816026, 0.015625)
(-1, -1, 0.000346489971811921, -0.808817359272921, 0.015384615384615385)
(-1, 1, 0.000351820586544603, -0.844143130717296, 0.015151515151515152)
(1, -1, 0.000357151201267287, -0.876138008642076, 0.014925373134328358)
(-1, 1, 0.000362481815979823, -0.904675744870071, 0.014705882352941176)
(1, -1, 0.000367812430682059, -0.929643732715038, 0.014492753623188406)
(1, 1, 0.000373143045373843, -0.950943451314953, 0.014285714285714285)
(1, -1, 0.000378473660055025, -0.968490854384212, 0.014084507042253521)
(-1, 1, 0.000383804274725451, -0.982216701850792, 0.013888888888888888)
(-1, -1, 0.000389134889384972, -0.992066833069758, 0.0136986301369863)
(1, 1, 0.000394465504033435, -0.998002380535055, 0.013513513513513514)
(-1, -1, 0.000399796118670690, -0.999999923246300, 0.013333333333333334)
(1, 1, 0.000405126733296584, -0.998051579125408, 0.013157894736842105)
(1, -1, 0.000410457347910966, -0.992165036118379, 0.012987012987012988)
(-1, 1, 0.000415787962513685, -0.982363521859534, 0.01282051282051282)
(1, -1, 0.000421118577104589, -0.968685712017892, 0.012658227848101266)
(1, 1, 0.000426449191683527, -0.951185577687341, 0.0125)
(1, -1, 0.000431779806250347, -0.929932172422797, 0.012345679012345678)
(1, 1, 0.000437110420804897, -0.905009359762668, 0.012195121951219513)
(1, -1, 0.000442441035347027, -0.876515482312799, 0.012048192771084338)
(1, 1, 0.000447771649876585, -0.844562973697643, 0.011904761904761904)
(-1, -1, 0.000453102264393420, -0.809277914909877, 0.011764705882352941)
(1, 1, 0.000458432878897379, -0.770799536809030, 0.011627906976744186)
(1, -1, 0.000463763493388311, -0.729279670732225, 0.011494252873563218)
(1, 1, 0.000469094107866066, -0.684882149384861, 0.011363636363636364)
(1, -1, 0.000474424722330491, -0.637782160375248, 0.011235955056179775)
(-1, 1, 0.000479755336781435, -0.588165554944080, 0.011111111111111112)
(1, -1, 0.000485085951218747, -0.536228114616408, 0.01098901098901099)
(-1, 1, 0.000490416565642274, -0.482174778669846, 0.010869565217391304)
(-1, -1, 0.000495747180051866, -0.426218835467310, 0.010752688172043012)
(-1, 1, 0.000501077794447372, -0.368581080845209, 0.010638297872340425)
(1, -1, 0.000506408408828639, -0.309488946877997, 0.010526315789473684)
(1, 1, 0.000511739023195516, -0.249175604456874, 0.010416666666666666)
(-1, -1, 0.000517069637547852, -0.187879043223770, 0.010309278350515464)
(-1, 1, 0.000522400251885495, -0.125841132491073, 0.01020408163265306)
(-1, -1, 0.000527730866208294, -0.0633066668526261, 0.010101010101010102)
(1, 1, 0.000533061480516097, -0.000522400251885495, 0.01)
(1, -1, 0.000538392094808753, 0.0622639276812883, 0.009900990099009901)
(-1, 1, 0.000543722709086110, 0.124804569183250, 0.00980392156862745)
(-1, -1, 0.000549053323348017, 0.186852745941282, 0.009708737864077669)
(1, 1, 0.000554383937594323, 0.248163622852966, 0.009615384615384616)
(1, -1, 0.000559714551824875, 0.308495274117859, 0.009523809523809525)
(-1, 1, 0.000565045166039523, 0.367609637849403, 0.009433962264150943)
(1, -1, 0.000570375780238115, 0.425273455440255, 0.009345794392523364)
(-1, 1, 0.000575706394420499, 0.481259191974428, 0.009259259259259259)
(-1, -1, 0.000581037008586525, 0.535345934054390, 0.009174311926605505)
(1, 1, 0.000586367622736040, 0.587320261500393, 0.00909090909090909)
(1, -1, 0.000591698236868893, 0.636977089482416, 0.009009009009009009)
(-1, 1, 0.000597028850984933, 0.684120477761762, 0.008928571428571428)
(-1, -1, 0.000602359465084008, 0.728564403849119, 0.008849557522123894)
(1, 1, 0.000607690079165966, 0.770133497028309, 0.008771929824561403)
(-1, -1, 0.000613020693230657, 0.808663730349343, 0.008695652173913044)
(-1, 1, 0.000618351307277929, 0.844003067860251, 0.008620689655172414)
(-1, -1, 0.000623681921307629, 0.876012064523790, 0.008547008547008548)
(-1, 1, 0.000629012535319608, 0.904564416451821, 0.00847457627118644)
(1, -1, 0.000634343149313713, 0.929547459286196, 0.008403361344537815)
(1, 1, 0.000639673763289793, 0.950862612759603, 0.008333333333333333)
(1, -1, 0.000645004377247696, 0.968425769682171, 0.008264462809917356)
(1, 1, 0.000650334991187271, 0.982167627818947, 0.00819672131147541)
(1, -1, 0.000655665605108366, 0.992033963348701, 0.008130081300813009)
(1, 1, 0.000660996219010831, 0.997985844824995, 0.008064516129032258)
(1, -1, 0.000666326832894513, 0.999999786795283, 0.008)
(1, 1, 0.000671657446759261, 0.998067842471853, 0.007936507936507936)
(1, -1, 0.000676988060604923, 0.992197635088958, 0.007874015748031496)
(-1, 1, 0.000682318674431349, 0.982412327822388, 0.0078125)
(1, -1, 0.000687649288238386, 0.968750532390200, 0.007751937984496124)
(1, 1, 0.000692979902025883, 0.951266156695230, 0.007692307692307693)
(-1, -1, 0.000698310515793689, 0.930028192110596, 0.007633587786259542)
(1, 1, 0.000703641129541652, 0.905120441247526, 0.007575757575757576)
(-1, -1, 0.000708971743269621, 0.876641187279714, 0.007518796992481203)
(-1, 1, 0.000714302356977444, 0.844702806129003, 0.007462686567164179)
(-1, -1, 0.000719632970664970, 0.809431323042691, 0.007407407407407408)
(1, 1, 0.000724963584332047, 0.770965915312120, 0.007352941176470588)
(1, -1, 0.000730294197978524, 0.729458363094796, 0.0072992700729927005)
(-1, 1, 0.000735624811604250, 0.685072450507018, 0.007246376811594203)
(-1, -1, 0.000740955425209072, 0.637983319350243, 0.007194244604316547)
(-1, 1, 0.000746286038792840, 0.588376778021299, 0.007142857142857143)
(-1, -1, 0.000751616652355401, 0.536448568333429, 0.0070921985815602835)
(-1, 1, 0.000756947265896605, 0.482403593141184, 0.007042253521126761)
(1, -1, 0.000762277879416300, 0.426455107816885, 0.006993006993006993)
(1, 1, 0.000767608492914335, 0.368823878768997, 0.006944444444444444)
(-1, -1, 0.000772939106390558, 0.309737312322794, 0.006896551724137931)
(1, 1, 0.000778269719844817, 0.249428557400668, 0.00684931506849315)
(-1, -1, 0.000783600333276961, 0.188135585542793, 0.006802721088435374)
(-1, 1, 0.000788930946686839, 0.126100251898288, 0.006756756756756757)
(1, -1, 0.000794261560074299, 0.0635673408920988, 0.006711409395973154)
(1, 1, 0.000799592173439190, 0.000783600333276961, 0.006666666666666667)
(-1, -1, 0.000804922786781360, -0.0620032322240190, 0.006622516556291391)
(-1, 1, 0.000810253400100658, -0.124545407024954, 0.006578947368421052)
(-1, -1, 0.000815584013396932, -0.186596139706586, 0.006535947712418301)
(-1, 1, 0.000820914626670031, -0.247910585081109, 0.006493506493506494)
(1, -1, 0.000826245239919804, -0.308246803267330, 0.0064516129032258064)
(1, 1, 0.000831575853146098, -0.367366714358135, 0.00641025641025641)
(-1, -1, 0.000836906466348762, -0.425037037856926, 0.006369426751592357)
(-1, 1, 0.000842237079527645, -0.481030213176140, 0.006329113924050633)
(-1, -1, 0.000847567692682596, -0.535125297565637, 0.006289308176100629)
(-1, 1, 0.000852898305813463, -0.587108837927857, 0.00625)
(1, -1, 0.000858228918920095, -0.636775713079652, 0.006211180124223602)
(-1, 1, 0.000863559532002339, -0.683929943137327, 0.006172839506172839)
(1, -1, 0.000868890145060045, -0.728385462831136, 0.006134969325153374)
(-1, 1, 0.000874220758093061, -0.769966855697840, 0.006097560975609756)
(1, -1, 0.000879551371101236, -0.808510046254269, 0.006060606060606061)
(-1, 1, 0.000884881984084417, -0.843862947420666, 0.006024096385542169)
(1, -1, 0.000890212597042455, -0.875886060639134, 0.005988023952095809)
(-1, 1, 0.000895543209975196, -0.904453026319201, 0.005952380952380952)
(1, -1, 0.000900873822882491, -0.929451122438503, 0.005917159763313609)
(1, 1, 0.000906204435764187, -0.950781709331166, 0.0058823529411764705)
(1, -1, 0.000911535048620132, -0.968360618908786, 0.005847953216374269)
(-1, 1, 0.000916865661450176, -0.982118486778214, 0.005813953488372093)
(-1, -1, 0.000922196274254166, -0.992001025945619, 0.005780346820809248)
(-1, 1, 0.000927526887031952, -0.997969241026840, 0.005747126436781609)
(-1, -1, 0.000932857499783382, -0.999999582118768, 0.005714285714285714)
(-1, 1, 0.000938188112508304, -0.998084037724609, 0.005681818181818182)
