509.494324999734
(1, -1, 4.90491422090776e-6, 0.0627808269600760, 1.0)
(-1, 1, 9.80982844169751e-6, 0.125313963240134, 0.5)
(1, -1, 0.0000147147426622513, 0.187352695380050, 0.3333333333333333)
(1, 1, 0.0000196196568824510, 0.248652260504034, 0.25)
(1, -1, 0.0000245245711021787, 0.308970811989390, 0.2)
(-1, 1, 0.0000294294853213164, 0.368070373629711, 0.16666666666666666)
(1, -1, 0.0000343343995397461, 0.425717778528027, 0.14285714285714285)
(-1, 1, 0.0000392393137573498, 0.481685589015677, 0.125)
(1, -1, 0.0000441442279740094, 0.535752993967512, 0.1111111111111111)
(-1, 1, 0.0000490491421896070, 0.587706679973247, 0.1)
(1, -1, 0.0000539540564040246, 0.637341672927902, 0.09090909090909091)
(1, 1, 0.0000588589706171441, 0.684462146720974, 0.08333333333333333)
(-1, -1, 0.0000637638848288476, 0.728882195833827, 0.07692307692307693)
(-1, 1, 0.0000686687990390171, 0.770426568797118, 0.07142857142857142)
(1, -1, 0.0000735737132475345, 0.808931359614568, 0.06666666666666667)
(1, 1, 0.0000784786274542818, 0.844244654425158, 0.0625)
(-1, -1, 0.0000833835416591411, 0.876227130852473, 0.058823529411764705)
(-1, 1, 0.0000882884558619944, 0.904752607676569, 0.05555555555555555)
(-1, -1, 0.0000931933700627236, 0.929708542659721, 0.05263157894736842)
(1, 1, 0.0000980982842612107, 0.950996476561969, 0.05)
(1, -1, 0.000103003198457338, 0.968532421594689, 0.047619047619047616)
(-1, 1, 0.000107908112650987, 0.982247192779597, 0.045454545454545456)
(-1, -1, 0.000112813026842040, 0.992086680905878, 0.043478260869565216)
(-1, 1, 0.000117717941030378, 0.998012066008536, 0.041666666666666664)
(1, -1, 0.000122622855215885, 0.999999970525718, 0.04)
(1, 1, 0.000127527769398442, 0.998042551530761, 0.038461538461538464)
(1, -1, 0.000132432683577930, 0.992147531675078, 0.037037037037037035)
(1, 1, 0.000137337597754233, 0.982338168719793, 0.03571428571428571)
(1, -1, 0.000142242511927231, 0.968653163776356, 0.034482758620689655)
(-1, 1, 0.000147147426096808, 0.951146508618123, 0.03333333333333333)
(-1, -1, 0.000152052340262844, 0.929887272665347, 0.03225806451612903)
(-1, 1, 0.000156957254425222, 0.904959330483953, 0.03125)
(1, -1, 0.000161862168583824, 0.876461030873237, 0.030303030303030304)
(1, 1, 0.000166767082738532, 0.844504808848024, 0.029411764705882353)
(1, -1, 0.000171671996889228, 0.809216742046146, 0.02857142857142857)
(1, 1, 0.000176576911035793, 0.770736053311356, 0.027777777777777776)
(-1, -1, 0.000181481825178111, 0.729214561414158, 0.02702702702702703)
(1, 1, 0.000186386739316062, 0.684816082077622, 0.02631578947368421)
(-1, -1, 0.000191291653449530, 0.637715781671340, 0.02564102564102564)
(-1, 1, 0.000196196567578395, 0.588099486123411, 0.025)
(-1, -1, 0.000201101481702540, 0.536162947777016, 0.024390243902439025)
(-1, 1, 0.000206006395821847, 0.482111073084070, 0.023809523809523808)
(-1, -1, 0.000210911309936197, 0.426157114182960, 0.023255813953488372)
(1, 1, 0.000215816224045474, 0.368521827549844, 0.022727272727272728)
(1, -1, 0.000220721138149559, 0.309432603042905, 0.022222222222222223)
(1, 1, 0.000225626052248333, 0.249122566775776, 0.021739130434782608)
(1, -1, 0.000230530966341679, 0.187829661359573, 0.02127659574468085)
(1, 1, 0.000235435880429479, 0.125795707142289, 0.020833333333333332)
(1, -1, 0.000240340794511615, 0.0632654481492617, 0.02040816326530612)
(-1, 1, 0.000245245708587968, 0.000485586488788730, 0.02)
(-1, -1, 0.000250150622658422, -0.0622961909675321, 0.0196078431372549)
(-1, 1, 0.000255055536722857, -0.124832189789668, 0.019230769230769232)
(1, -1, 0.000259960450781156, -0.186875685223839, 0.018867924528301886)
(-1, 1, 0.000264865364833201, -0.248181895601518, 0.018518518518518517)
(1, -1, 0.000269770278878874, -0.308508948082333, 0.01818181818181818)
(-1, 1, 0.000274675192918057, -0.367618832920699, 0.017857142857142856)
(-1, -1, 0.000279580106950631, -0.425278342491289, 0.017543859649122806)
(-1, 1, 0.000284485020976480, -0.481259991368591, 0.017241379310344827)
(1, -1, 0.000289389934995484, -0.535342913830531, 0.01694915254237288)
(1, 1, 0.000294294849007526, -0.587313735245226, 0.016666666666666666)
(1, -1, 0.000299199763012487, -0.636967413902961, 0.01639344262295082)
(1, 1, 0.000304104677010251, -0.684108049972087, 0.016129032258064516)
(1, -1, 0.000309009591000698, -0.728549658387263, 0.015873015873015872)
(1, 1, 0.000313914504983711, -0.770116902620724, 0.015625)
(-1, -1, 0.000318819418959172, -0.808645786441626, 0.015384615384615385)
(-1, 1, 0.000323724332926963, -0.843984300934254, 0.015151515151515152)
(1, -1, 0.000328629246886965, -0.875993024222388, 0.014925373134328358)
(-1, 1, 0.000333534160839061, -0.904545671533722, 0.014705882352941176)
(-1, -1, 0.000338439074783133, -0.929529593434165, 0.014492753623188406)
(-1, 1, 0.000343343988719063, -0.950846220266312, 0.014285714285714285)
(-1, -1, 0.000348248902646732, -0.968411451038645, 0.014084507042253521)
(-1, 1, 0.000353153816566024, -0.982155985231159, 0.013888888888888888)
(1, -1, 0.000358058730476819, -0.992025596208342, 0.0136986301369863)
(1, 1, 0.000362963644378999, -0.997981345160802, 0.013513513513513514)
(1, -1, 0.000367868558272448, -0.999999734731473, 0.013333333333333334)
(-1, 1, 0.000372773472157046, -0.998072801720290, 0.013157894736842105)
(1, -1, 0.000377678386032676, -0.992208148501592, 0.012987012987012988)
(1, 1, 0.000382583299899220, -0.982428913030296, 0.01282051282051282)
(-1, -1, 0.000387488213756559, -0.968773677555174, 0.012658227848101266)
(1, 1, 0.000392393127604577, -0.951296316399398, 0.0125)
(1, -1, 0.000397298041443154, -0.930065783408899, 0.012345679012345678)
(1, 1, 0.000402202955272172, -0.905165839907128, 0.012195121951219513)
(1, -1, 0.000407107869091515, -0.876694724229528, 0.012048192771084338)
(1, 1, 0.000412012782901063, -0.844764764141511, 0.011904761904761904)
(-1, -1, 0.000416917696700699, -0.809501933669067, 0.011764705882352941)
(1, 1, 0.000421822610490304, -0.771045356090462, 0.011627906976744186)
(1, -1, 0.000426727524269762, -0.729546755049887, 0.011494252873563218)
(-1, 1, 0.000431632438038953, -0.685169855958574, 0.011363636363636364)
(1, -1, 0.000436537351797760, -0.638089740045063, 0.011235955056179775)
(-1, 1, 0.000441442265546064, -0.588492153603097, 0.011111111111111112)
(-1, -1, 0.000446347179283748, -0.536572775162379, 0.01098901098901099)
(-1, 1, 0.000451252093010694, -0.482536443473443, 0.010869565217391304)
(-1, -1, 0.000456157006726784, -0.426596349352496, 0.010752688172043012)
(-1, 1, 0.000461061920431899, -0.368973194574649, 0.010638297872340425)
(-1, -1, 0.000465966834125922, -0.309894321133991, 0.010526315789473684)
(-1, 1, 0.000470871747808734, -0.249592814305849, 0.010416666666666666)
(1, -1, 0.000475776661480218, -0.188306583049941, 0.010309278350515464)
(-1, 1, 0.000480681575140256, -0.126277421382538, 0.01020408163265306)
(1, -1, 0.000485586488788730, -0.0637500544208184, 0.010101010101010102)
(1, 1, 0.000490491402425521, -0.000971172863078957, 0.01)
(1, -1, 0.000495396316050512, 0.0618115402859045, 0.009900990099009901)
(1, 1, 0.000500301229663585, 0.124350386904489, 0.00980392156862745)
(1, -1, 0.000505206143264621, 0.186398631003415, 0.009708737864077669)
(1, 1, 0.000510111056853503, 0.247711472179137, 0.009615384615384616)
(1, -1, 0.000515015970430113, 0.308047011430640, 0.009523809523809525)
(-1, 1, 0.000519920883994332, 0.367167205529279, 0.009433962264150943)
(1, -1, 0.000524825797546043, 0.424838806176362, 0.009345794392523364)
(1, 1, 0.000529730711085128, 0.480834280243165, 0.009259259259259259)
(1, -1, 0.000534635624611468, 0.534932707462769, 0.009174311926605505)
(-1, 1, 0.000539540538124946, 0.586920652032002, 0.00909090909090909)
(-1, -1, 0.000544445451625443, 0.636593004684764, 0.009009009009009009)
(1, 1, 0.000549350365112842, 0.683753791914454, 0.008928571428571428)
(1, -1, 0.000554255278587025, 0.728216949152878, 0.008849557522123894)
(1, 1, 0.000559160192047873, 0.769807054855191, 0.008771929824561403)
(-1, -1, 0.000564065105495269, 0.808360022594656, 0.008695652173913044)
(1, 1, 0.000568970018929095, 0.843723748436704, 0.008620689655172414)
(-1, -1, 0.000573874932349232, 0.875758711038183, 0.008547008547008548)
(-1, 1, 0.000578779845755563, 0.904338522104204, 0.00847457627118644)
(-1, -1, 0.000583684759147969, 0.929350425030873, 0.008403361344537815)
(-1, 1, 0.000588589672526333, 0.950695739766582, 0.008333333333333333)
(1, -1, 0.000593494585890537, 0.968290252136747, 0.008264462809917356)
(-1, 1, 0.000598399499240462, 0.982064546095985, 0.00819672131147541)
(-1, -1, 0.000603304412575991, 0.991964277596872, 0.008130081300813009)
(-1, 1, 0.000608209325897005, 0.997950388994803, 0.008064516129032258)
(1, -1, 0.000613114239203387, 0.999999263143039, 0.008)
(-1, 1, 0.000618019152495019, 0.998102816569989, 0.007936507936507936)
(-1, -1, 0.000622924065771782, 0.992268531371128, 0.007874015748031496)
(-1, 1, 0.000627828979033559, 0.982519425689708, 0.0078125)
(-1, -1, 0.000632733892280231, 0.968893962902727, 0.007751937984496124)
(1, 1, 0.000637638805511681, 0.951445899870469, 0.007692307692307693)
(1, -1, 0.000642543718727791, 0.930244074848285, 0.007633587786259542)
(1, 1, 0.000647448631928442, 0.905372135897400, 0.007575757575757576)
(-1, -1, 0.000652353545113516, 0.876928210866243, 0.007518796992481203)
(-1, 1, 0.000657258458282896, 0.845024520244323, 0.007462686567164179)
(1, -1, 0.000662163371436464, 0.809786934416085, 0.007407407407407408)
(1, 1, 0.000667068284574101, 0.771354477061506, 0.007352941176470588)
(-1, -1, 0.000671973197695690, 0.729878776662685, 0.0072992700729927005)
(1, 1, 0.000676878110801113, 0.685523468280412, 0.007246376811594203)
(1, -1, 0.000681783023890250, 0.638463547960892, 0.007194244604316547)
(1, 1, 0.000686687936962986, 0.588884682319715, 0.007142857142857143)
(1, -1, 0.000691592850019201, 0.536982476026965, 0.0070921985815602835)
(1, 1, 0.000696497763058777, 0.482961700083496, 0.007042253521126761)
(-1, -1, 0.000701402676081597, 0.427035483933064, 0.006993006993006993)
(1, 1, 0.000706307589087543, 0.369424474597695, 0.006944444444444444)
(1, -1, 0.000711212502076496, 0.310355966153777, 0.006896551724137931)
(-1, 1, 0.000716117415048339, 0.250063002983371, 0.00684931506849315)
(1, -1, 0.000721022328002953, 0.188783460338699, 0.006802721088435374)
(-1, 1, 0.000725927240940220, 0.126759105847298, 0.006756756756756757)
(-1, -1, 0.000730832153860023, 0.0642346456604787, 0.006711409395973154)
(-1, 1, 0.000735737066762244, 0.00145675900837221, 0.006666666666666667)
(1, -1, 0.000740641979646764, -0.0613268750294710, 0.006622516556291391)
(1, 1, 0.000745546892513466, -0.123868554698203, 0.006578947368421052)
(-1, -1, 0.000750451805362231, -0.185921532831265, 0.006535947712418301)
(-1, 1, 0.000755356718192942, -0.247240990347816, 0.006493506493506494)
(-1, -1, 0.000760261631005480, -0.307585002143232, 0.0064516129032258064)
(-1, 1, 0.000765166543799727, -0.366715491561943, 0.00641025641025641)
(-1, -1, 0.000770071456575566, -0.424399169686886, 0.006369426751592357)
(1, 1, 0.000774976369332879, -0.480408455739780, 0.006329113924050633)
(1, -1, 0.000779881282071547, -0.534522374960949, 0.006289308176100629)
(-1, 1, 0.000784786194791453, -0.586527430426262, 0.00625)
(-1, -1, 0.000789691107492478, -0.636218445361597, 0.006211180124223602)
(-1, 1, 0.000794596020174504, -0.683399372631606, 0.006172839506172839)
(1, -1, 0.000799500932837414, -0.727884068209122, 0.006134969325153374)
(-1, 1, 0.000804405845481089, -0.769497025573579, 0.006097560975609756)
(1, -1, 0.000809310758105412, -0.808074068141038, 0.006060606060606061)
(-1, 1, 0.000814215670710264, -0.843462996993944, 0.006024096385542169)
(-1, -1, 0.000819120583295528, -0.875524191355107, 0.005988023952095809)
(-1, 1, 0.000824025495861085, -0.904131159436861, 0.005952380952380952)
(1, -1, 0.000828930408406818, -0.929171037492093, 0.005917159763313609)
(1, 1, 0.000833835320932608, -0.950545035098261, 0.0058823529411764705)
(-1, -1, 0.000838740233438337, -0.968168824917574, 0.005847953216374269)
(-1, 1, 0.000843645145923888, -0.981972875395636, 0.005813953488372093)
(-1, -1, 0.000848550058389143, -0.991902725085927, 0.005780346820809248)
(-1, 1, 0.000853454970833983, -0.997919197517839, 0.005747126436781609)
(1, -1, 0.000858359883258290, -0.999998555760526, 0.005714285714285714)
(1, 1, 0.000863264795661947, -0.998132596072780, 0.005681818181818182)
(1, -1, 0.000868169708044835, -0.992328680269448, 0.005649717514124294)
(-1, 1, 0.000873074620406836, -0.982609706676686, 0.0056179775280898875)
