474.678063573655
(1, -1, 5.65082417681544e-6, 0.587782509321420, 1.0)
(1, 1, 0.0000113016483534504, 0.951054420832444, 0.5)
(-1, -1, 0.0000169524725297246, 0.951059659407221, 0.3333333333333333)
(1, 1, 0.0000226032967054573, 0.587796224109117, 0.25)
(-1, -1, 0.0000282541208804684, 0.0000169524725297246, 0.2)
(-1, 1, 0.0000339049450545772, -0.587768794364802, 0.16666666666666666)
(-1, -1, 0.0000395557692276034, -0.951049181984348, 0.14285714285714285)
(1, 1, 0.0000452065933993665, -0.951064897708676, 0.125)
(1, -1, 0.0000508574175696860, -0.587809938727890, 0.1111111111111111)
(-1, 1, 0.0000565082417383816, -0.0000339049450545772, 0.1)
(-1, -1, 0.0000621590659052728, 0.587755079239268, 0.09090909090909091)
(-1, 1, 0.0000678098900701791, 0.951043942862933, 0.08333333333333333)
(-1, -1, 0.0000734607142329202, 0.951070135736808, 0.07692307692307693)
(-1, 1, 0.0000791115383933155, 0.587823653177733, 0.07142857142857142)
(1, -1, 0.0000847623625511846, 0.0000508574175696860, 0.06666666666666667)
(1, 1, 0.0000904131867063471, -0.587741363944820, 0.0625)
(1, -1, 0.0000960640108586226, -0.951038703468201, 0.058823529411764705)
(1, 1, 0.000101714835007831, -0.951075373491615, 0.05555555555555555)
(-1, -1, 0.000107365659153791, -0.587837367458645, 0.05263157894736842)
(-1, 1, 0.000113016483296322, -0.0000678098900701791, 0.05)
(1, -1, 0.000118667307435245, 0.587727648481464, 0.047619047619047616)
(-1, 1, 0.000124318131570379, 0.951033463800153, 0.045454545454545456)
(-1, -1, 0.000129968955701542, 0.951080610973096, 0.043478260869565216)
(-1, 1, 0.000135619779828556, 0.587851081570620, 0.041666666666666664)
(1, -1, 0.000141270603951239, 0.0000847623625511846, 0.04)
(-1, 1, 0.000146921428069411, -0.587713932849203, 0.038461538461538464)
(-1, -1, 0.000152572252182892, -0.951028223858792, 0.037037037037037035)
(-1, 1, 0.000158223076291501, -0.951085848181250, 0.03571428571428571)
(1, -1, 0.000163873900395057, -0.587864795513655, 0.034482758620689655)
(1, 1, 0.000169524724493381, -0.000101714835007831, 0.03333333333333333)
(-1, -1, 0.000175175548586291, 0.587700217048041, 0.03225806451612903)
(1, 1, 0.000180826372673608, 0.951022983644118, 0.03125)
(1, -1, 0.000186477196755150, 0.951091085116075, 0.030303030303030304)
(1, 1, 0.000192128020830738, 0.587878509287745, 0.029411764705882353)
(1, -1, 0.000197778844900191, 0.000118667307435245, 0.02857142857142857)
(1, 1, 0.000203429668963329, -0.587686501077983, 0.027777777777777776)
(1, -1, 0.000209080493019970, -0.951017743156133, 0.02702702702702703)
(-1, 1, 0.000214731317069936, -0.951096321777569, 0.02631578947368421)
(1, -1, 0.000220382141113044, -0.587892222892887, 0.02564102564102564)
(-1, 1, 0.000226032965149116, -0.000135619779828556, 0.025)
(-1, -1, 0.000231683789177970, 0.587672784939031, 0.024390243902439025)
(1, 1, 0.000237334613199425, 0.951012502394838, 0.023809523809523808)
(1, -1, 0.000242985437213302, 0.951101558165731, 0.023255813953488372)
(-1, 1, 0.000248636261219421, 0.587905936329077, 0.022727272727272728)
(-1, -1, 0.000254287085217599, 0.000152572252182892, 0.022222222222222223)
(-1, 1, 0.000259937909207658, -0.587659068631190, 0.021739130434782608)
(1, -1, 0.000265588733189417, -0.951007261360235, 0.02127659574468085)
(-1, 1, 0.000271239557162695, -0.951106794280559, 0.020833333333333332)
(1, -1, 0.000276890381127312, -0.587919649596311, 0.02040816326530612)
(1, 1, 0.000282541205083087, -0.000169524724493381, 0.02)
(-1, -1, 0.000288192029029840, 0.587645352154463, 0.0196078431372549)
(-1, 1, 0.000293842852967390, 0.951002020052326, 0.019230769230769232)
(1, -1, 0.000299493676895558, 0.951112030122053, 0.018867924528301886)
(-1, 1, 0.000305144500814162, 0.587933362694585, 0.018518518518518517)
(1, -1, 0.000310795324723023, 0.000186477196755150, 0.01818181818181818)
(-1, 1, 0.000316446148621959, -0.587631635508856, 0.017857142857142856)
(1, -1, 0.000322096972510790, -0.950996778471112, 0.017543859649122806)
(1, 1, 0.000327747796389337, -0.951117265690209, 0.017241379310344827)
(-1, -1, 0.000333398620257418, -0.587947075623895, 0.01694915254237288)
(1, 1, 0.000339049444114852, -0.000203429668963329, 0.016666666666666666)
(1, -1, 0.000344700267961461, 0.587617918694371, 0.01639344262295082)
(-1, 1, 0.000350351091797062, 0.950991536616595, 0.016129032258064516)
(-1, -1, 0.000356001915621476, 0.951122500985028, 0.015873015873015872)
(1, 1, 0.000361652739434522, 0.587960788384236, 0.015625)
(1, -1, 0.000367303563236020, 0.000220382141113044, 0.015384615384615385)
(1, 1, 0.000372954387025790, -0.587604201711013, 0.015151515151515152)
(1, -1, 0.000378605210803650, -0.950986294488775, 0.014925373134328358)
(1, 1, 0.000384256034569421, -0.951127736006507, 0.014705882352941176)
(1, -1, 0.000389906858322921, -0.587974500975606, 0.014492753623188406)
(1, 1, 0.000395557682063972, -0.000237334613199425, 0.014285714285714285)
(-1, -1, 0.000401208505792391, 0.587590484558785, 0.014084507042253521)
(1, 1, 0.000406859329507999, 0.950981052087655, 0.013888888888888888)
(-1, -1, 0.000412510153210615, 0.951132970754645, 0.0136986301369863)
(1, 1, 0.000418160976900060, 0.587988213398001, 0.013513513513513514)
(-1, -1, 0.000423811800576151, 0.000254287085217599, 0.013333333333333334)
(-1, 1, 0.000429462624238709, -0.587576767237692, 0.013157894736842105)
(1, -1, 0.000435113447887554, -0.950975809413236, 0.012987012987012988)
(1, 1, 0.000440764271522505, -0.951138205229440, 0.01282051282051282)
(-1, -1, 0.000446415095143382, -0.588001925651415, 0.012658227848101266)
(-1, 1, 0.000452065918750004, -0.000271239557162695, 0.0125)
(1, -1, 0.000457716742342190, 0.587563049747737, 0.012345679012345678)
(-1, 1, 0.000463367565919761, 0.950970566465520, 0.012195121951219513)
(-1, -1, 0.000469018389482535, 0.951143439430892, 0.012048192771084338)
(1, 1, 0.000474669213030333, 0.588015637735846, 0.011904761904761904)
(-1, -1, 0.000480320036562974, 0.000288192029029840, 0.011764705882352941)
(1, 1, 0.000485970860080277, -0.587549332088925, 0.011627906976744186)
(-1, -1, 0.000491621683582063, -0.950965323244508, 0.011494252873563218)
(-1, 1, 0.000497272507068150, -0.951148673358997, 0.011363636363636364)
(-1, -1, 0.000502923330538358, -0.588029349651289, 0.011235955056179775)
(-1, 1, 0.000508574153992507, -0.000305144500814162, 0.011111111111111112)
(1, -1, 0.000514224977430416, 0.587535614261259, 0.01098901098901099)
(-1, 1, 0.000519875800851905, 0.950960079750201, 0.010869565217391304)
(1, -1, 0.000525526624256794, 0.951153907013756, 0.010752688172043012)
(1, 1, 0.000531177447644901, 0.588043061397740, 0.010638297872340425)
(1, -1, 0.000536828271016048, 0.000322096972510790, 0.010526315789473684)
(-1, 1, 0.000542479094370052, -0.587521896264744, 0.010416666666666666)
(-1, -1, 0.000548129917706734, -0.950954835982602, 0.010309278350515464)
(1, 1, 0.000553780741025913, -0.951159140395166, 0.01020408163265306)
(-1, -1, 0.000559431564327409, -0.588056772975196, 0.010101010101010102)
(1, 1, 0.000565082387611041, -0.000339049444114852, 0.01)
(1, -1, 0.000570733210876629, 0.587508178099383, 0.009900990099009901)
(-1, 1, 0.000576384034123992, 0.950949591941710, 0.00980392156862745)
(-1, -1, 0.000582034857352951, 0.951164373503225, 0.009708737864077669)
(-1, 1, 0.000587685680563324, 0.588070484383652, 0.009615384615384616)
(-1, -1, 0.000593336503754931, 0.000356001915621476, 0.009523809523809525)
(1, 1, 0.000598987326927592, -0.587494459765180, 0.009433962264150943)
(-1, -1, 0.000604638150081126, -0.950944347627530, 0.009345794392523364)
(-1, 1, 0.000610288973215353, -0.951169606337933, 0.009259259259259259)
(-1, -1, 0.000615939796330093, -0.588084195623105, 0.009174311926605505)
(1, 1, 0.000621590619425164, -0.000372954387025790, 0.00909090909090909)
(-1, -1, 0.000627241442500387, 0.587480741262139, 0.009009009009009009)
(-1, 1, 0.000632892265555581, 0.950939103040060, 0.008928571428571428)
(1, -1, 0.000638543088590565, 0.951174838899288, 0.008849557522123894)
(1, 1, 0.000644193911605160, 0.588097906693551, 0.008771929824561403)
(1, -1, 0.000649844734599184, 0.000389906858322921, 0.008695652173913044)
(1, 1, 0.000655495557572457, -0.587467022590264, 0.008620689655172414)
(-1, -1, 0.000661146380524800, -0.950933858179304, 0.008547008547008548)
(-1, 1, 0.000666797203456031, -0.951180071187289, 0.00847457627118644)
(-1, -1, 0.000672448026365969, -0.588111617594985, 0.008403361344537815)
(1, 1, 0.000678098849254436, -0.000406859329507999, 0.008333333333333333)
(1, -1, 0.000683749672121249, 0.587453303749559, 0.008264462809917356)
(1, 1, 0.000689400494966229, 0.950928613045262, 0.00819672131147541)
(1, -1, 0.000695051317789195, 0.951185303201933, 0.008130081300813009)
(-1, 1, 0.000700702140589967, 0.588125328327404, 0.008064516129032258)
(-1, -1, 0.000706352963368364, 0.000423811800576151, 0.008)
(-1, 1, 0.000712003786124206, -0.587439584740028, 0.007936507936507936)
(1, -1, 0.000717654608857313, -0.950923367637937, 0.007874015748031496)
(1, 1, 0.000723305431567504, -0.951190534943219, 0.0078125)
(-1, -1, 0.000728956254254598, -0.588139038890804, 0.007751937984496124)
(1, 1, 0.000734607076918415, -0.000440764271522505, 0.007692307692307693)
(-1, -1, 0.000740257899558775, 0.587425865561675, 0.007633587786259542)
(1, 1, 0.000745908722175497, 0.950918121957329, 0.007575757575757576)
(1, -1, 0.000751559544768400, 0.951195766411147, 0.007518796992481203)
(1, 1, 0.000757210367337306, 0.588152749285181, 0.007462686567164179)
(1, -1, 0.000762861189882032, 0.000457716742342190, 0.007407407407407408)
(1, 1, 0.000768512012402398, -0.587412146214504, 0.007352941176470588)
(1, -1, 0.000774162834898225, -0.950912876003440, 0.0072992700729927005)
(1, 1, 0.000779813657369331, -0.951200997605713, 0.007246376811594203)
(-1, -1, 0.000785464479815536, -0.588166459510530, 0.007194244604316547)
(1, 1, 0.000791115302236660, -0.000474669213030333, 0.007142857142857143)
(-1, -1, 0.000796766124632522, 0.587398426698518, 0.0070921985815602835)
(-1, 1, 0.000802416947002942, 0.950907629776272, 0.007042253521126761)
(1, -1, 0.000808067769347740, 0.951206228526918, 0.006993006993006993)
(1, 1, 0.000813718591666734, 0.588180169566849, 0.006944444444444444)
(-1, -1, 0.000819369413959745, 0.000491621683582063, 0.006896551724137931)
(-1, 1, 0.000825020236226592, -0.587384707013723, 0.00684931506849315)
(-1, -1, 0.000830671058467094, -0.950902383275826, 0.006802721088435374)
(1, 1, 0.000836321880681072, -0.951211459174759, 0.006756756756756757)
(-1, -1, 0.000841972702868344, -0.588193879454133, 0.006711409395973154)
(-1, 1, 0.000847623525028731, -0.000508574153992507, 0.006666666666666667)
(-1, -1, 0.000853274347162051, 0.587370987160121, 0.006622516556291391)
(-1, 1, 0.000858925169268125, 0.950897136502104, 0.006578947368421052)
(1, -1, 0.000864575991346772, 0.951216689549235, 0.006535947712418301)
(1, 1, 0.000870226813397812, 0.588207589172378, 0.006493506493506494)
(1, -1, 0.000875877635421063, 0.000525526624256794, 0.0064516129032258064)
(1, 1, 0.000881528457416346, -0.587357267137716, 0.00641025641025641)
(1, -1, 0.000887179279383480, -0.950891889455107, 0.006369426751592357)
(-1, 1, 0.000892830101322285, -0.951221919650344, 0.006329113924050633)
(-1, -1, 0.000898480923232581, -0.588221298721580, 0.006289308176100629)
(-1, 1, 0.000904131745114186, -0.000542479094370052, 0.00625)
(1, -1, 0.000909782566966921, 0.587343546946513, 0.006211180124223602)
(1, 1, 0.000915433388790604, 0.950886642134836, 0.006172839506172839)
(-1, -1, 0.000921084210585057, 0.951227149478085, 0.006134969325153374)
(-1, 1, 0.000926735032350097, 0.588235008101735, 0.006097560975609756)
(-1, -1, 0.000932385854085545, 0.000559431564327409, 0.006060606060606061)
(-1, 1, 0.000938036675791220, -0.587329826586516, 0.006024096385542169)
(-1, -1, 0.000943687497466942, -0.950881394541294, 0.005988023952095809)
(1, 1, 0.000949338319112530, -0.951232379032456, 0.005952380952380952)
(1, -1, 0.000954989140727805, -0.588248717312840, 0.005917159763313609)
(-1, 1, 0.000960639962312585, -0.000576384034123992, 0.0058823529411764705)
(-1, -1, 0.000966290783866689, 0.587316106057728, 0.005847953216374269)
(1, 1, 0.000971941605389939, 0.950876146674482, 0.005813953488372093)
(-1, -1, 0.000977592426882152, 0.951237608313456, 0.005780346820809248)
(-1, 1, 0.000983243248343149, 0.588262426354890, 0.005747126436781609)
