510.834511266978
(1, -1, 4.87921166686183e-6, 0.0000487921166494522, 1.0)
(1, 1, 9.75842333360751e-6, 0.0000975842331827465, 0.5)
(1, -1, 0.0000146376350001209, 0.000146376349483725, 0.3333333333333333)
(1, 1, 0.0000195168466662857, 0.000195168465436229, 0.25)
(-1, -1, 0.0000243960583319860, 0.000243960580924102, 0.2)
(1, 1, 0.0000292752699971055, 0.000292752695831185, 0.16666666666666666)
(-1, -1, 0.0000341544816615280, 0.000341544810041320, 0.14285714285714285)
(1, 1, 0.0000390336933251374, 0.000390336923438349, 0.125)
(1, -1, 0.0000439129049878175, 0.000439129035906115, 0.1111111111111111)
(-1, 1, 0.0000487921166494522, 0.000487921147328459, 0.1)
(-1, -1, 0.0000536713283099254, 0.000536713257589224, 0.09090909090909091)
(1, 1, 0.0000585505399691208, 0.000585505366572251, 0.08333333333333333)
(1, -1, 0.0000634297516269223, 0.000634297474161383, 0.07692307692307693)
(-1, 1, 0.0000683089632832138, 0.000683089580240461, 0.07142857142857142)
(-1, -1, 0.0000731881749378790, 0.000731881684693328, 0.06666666666666667)
(1, 1, 0.0000780673865908019, 0.000780673787403825, 0.0625)
(1, -1, 0.0000829465982418662, 0.000829465888255796, 0.058823529411764705)
(1, 1, 0.0000878258098909559, 0.000878257987133082, 0.05555555555555555)
(1, -1, 0.0000927050215379547, 0.000927050083919524, 0.05263157894736842)
(-1, 1, 0.0000975842331827465, 0.000975842178498965, 0.05)
(-1, -1, 0.000102463444825215, 0.00102463427075525, 0.047619047619047616)
(-1, 1, 0.000107342656465245, 0.00107342636057221, 0.045454545454545456)
(-1, -1, 0.000112221868102718, 0.00112221844783371, 0.043478260869565216)
(1, 1, 0.000117101079737521, 0.00117101053242356, 0.041666666666666664)
(1, -1, 0.000121980291369535, 0.00121980261422563, 0.04)
(1, 1, 0.000126859502998646, 0.00126859469312375, 0.038461538461538464)
(1, -1, 0.000131738714624736, 0.00131738676900177, 0.037037037037037035)
(-1, 1, 0.000136617926247690, 0.00136617884174352, 0.03571428571428571)
(-1, -1, 0.000141497137867392, 0.00141497091123284, 0.034482758620689655)
(-1, 1, 0.000146376349483725, 0.00146376297735359, 0.03333333333333333)
(-1, -1, 0.000151255561096573, 0.00151255503998960, 0.03225806451612903)
(1, 1, 0.000156134772705821, 0.00156134709902472, 0.03125)
(-1, -1, 0.000161013984311351, 0.00161013915434278, 0.030303030303030304)
(1, 1, 0.000165893195913048, 0.00165893120582763, 0.029411764705882353)
(1, -1, 0.000170772407510796, 0.00170772325336311, 0.02857142857142857)
(1, 1, 0.000175651619104479, 0.00175651529683307, 0.027777777777777776)
(1, -1, 0.000180530830693979, 0.00180530733612134, 0.02702702702702703)
(1, 1, 0.000185410042279182, 0.00185409937111177, 0.02631578947368421)
(1, -1, 0.000190289253859971, 0.00190289140168820, 0.02564102564102564)
(-1, 1, 0.000195168465436229, 0.00195168342773447, 0.025)
(1, -1, 0.000200047677007842, 0.00200047544913443, 0.024390243902439025)
(-1, 1, 0.000204926888574692, 0.00204926746577191, 0.023809523809523808)
(-1, -1, 0.000209806100136663, 0.00209805947753076, 0.023255813953488372)
(-1, 1, 0.000214685311693639, 0.00214685148429483, 0.022727272727272728)
(-1, -1, 0.000219564523245505, 0.00219564348594794, 0.022222222222222223)
(-1, 1, 0.000224443734792143, 0.00224443548237396, 0.021739130434782608)
(-1, -1, 0.000229322946333438, 0.00229322747345671, 0.02127659574468085)
(1, 1, 0.000234202157869274, 0.00234201945908004, 0.020833333333333332)
(1, -1, 0.000239081369399534, 0.00239081143912779, 0.02040816326530612)
(1, 1, 0.000243960580924102, 0.00243960341348381, 0.02)
(1, -1, 0.000248839792442863, 0.00248839538203194, 0.0196078431372549)
(1, 1, 0.000253719003955699, 0.00253718734465602, 0.019230769230769232)
(1, -1, 0.000258598215462495, 0.00258597930123989, 0.018867924528301886)
(1, 1, 0.000263477426963135, 0.00263477125166740, 0.018518518518518517)
(1, -1, 0.000268356638457502, 0.00268356319582238, 0.01818181818181818)
(-1, 1, 0.000273235849945481, 0.00273235513358868, 0.017857142857142856)
(1, -1, 0.000278115061426954, 0.00278114706485015, 0.017543859649122806)
(-1, 1, 0.000282994272901807, 0.00282993898949062, 0.017241379310344827)
(-1, -1, 0.000287873484369923, 0.00287873090739394, 0.01694915254237288)
(-1, 1, 0.000292752695831185, 0.00292752281844394, 0.016666666666666666)
(-1, -1, 0.000297631907285478, 0.00297631472252448, 0.01639344262295082)
(-1, 1, 0.000302511118732685, 0.00302510661951940, 0.016129032258064516)
(-1, -1, 0.000307390330172690, 0.00307389850931253, 0.015873015873015872)
(1, 1, 0.000312269541605378, 0.00312269039178772, 0.015625)
(-1, -1, 0.000317148753030631, 0.00317148226682882, 0.015384615384615385)
(-1, 1, 0.000322027964448334, 0.00322027413431966, 0.015151515151515152)
(-1, -1, 0.000326907175858370, 0.00326906599414409, 0.014925373134328358)
(1, 1, 0.000331786387260624, 0.00331785784618594, 0.014705882352941176)
(-1, -1, 0.000336665598654980, 0.00336664969032908, 0.014492753623188406)
(1, 1, 0.000341544810041320, 0.00341544152645732, 0.014285714285714285)
(1, -1, 0.000346424021419529, 0.00346423335445453, 0.014084507042253521)
(1, 1, 0.000351303232789491, 0.00351302517420454, 0.013888888888888888)
(-1, -1, 0.000356182444151090, 0.00356181698559119, 0.0136986301369863)
(1, 1, 0.000361061655504209, 0.00361060878849833, 0.013513513513513514)
(1, -1, 0.000365940866848733, 0.00365940058280980, 0.013333333333333334)
(1, 1, 0.000370820078184544, 0.00370819236840944, 0.013157894736842105)
(1, -1, 0.000375699289511528, 0.00375698414518109, 0.012987012987012988)
(1, 1, 0.000380578500829568, 0.00380577591300861, 0.01282051282051282)
(1, -1, 0.000385457712138547, 0.00385456767177582, 0.012658227848101266)
(-1, 1, 0.000390336923438349, 0.00390335942136658, 0.0125)
(1, -1, 0.000395216134728859, 0.00395215116166472, 0.012345679012345678)
(1, 1, 0.000400095346009961, 0.00400094289255410, 0.012195121951219513)
(-1, -1, 0.000404974557281537, 0.00404973461391855, 0.012048192771084338)
(-1, 1, 0.000409853768543472, 0.00409852632564191, 0.011904761904761904)
(-1, -1, 0.000414732979795650, 0.00414731802760803, 0.011764705882352941)
(-1, 1, 0.000419612191037955, 0.00419610971970076, 0.011627906976744186)
(-1, -1, 0.000424491402270270, 0.00424490140180393, 0.011494252873563218)
(-1, 1, 0.000429370613492479, 0.00429369307380138, 0.011363636363636364)
(1, -1, 0.000434249824704466, 0.00434248473557697, 0.011235955056179775)
(-1, 1, 0.000439129035906115, 0.00439127638701453, 0.011111111111111112)
(-1, -1, 0.000444008247097310, 0.00444006802799791, 0.01098901098901099)
(-1, 1, 0.000448887458277935, 0.00448885965841095, 0.010869565217391304)
(-1, -1, 0.000453766669447873, 0.00453765127813749, 0.010752688172043012)
(-1, 1, 0.000458645880607008, 0.00458644288706138, 0.010638297872340425)
(-1, -1, 0.000463525091755225, 0.00463523448506646, 0.010526315789473684)
(1, 1, 0.000468404302892406, 0.00468402607203658, 0.010416666666666666)
(-1, -1, 0.000473283514018437, 0.00473281764785556, 0.010309278350515464)
(1, 1, 0.000478162725133200, 0.00478160921240727, 0.01020408163265306)
(-1, -1, 0.000483041936236579, 0.00483040076557555, 0.010101010101010102)
(1, 1, 0.000487921147328459, 0.00487919230724423, 0.01)
(-1, -1, 0.000492800358408723, 0.00492798383729716, 0.009900990099009901)
(1, 1, 0.000497679569477256, 0.00497677535561818, 0.00980392156862745)
(-1, -1, 0.000502558780533940, 0.00502556686209114, 0.009708737864077669)
(1, 1, 0.000507437991578660, 0.00507435835659988, 0.009615384615384616)
(1, -1, 0.000512317202611299, 0.00512314983902824, 0.009523809523809525)
(1, 1, 0.000517196413631742, 0.00517194130926008, 0.009433962264150943)
(-1, -1, 0.000522075624639872, 0.00522073276717922, 0.009345794392523364)
(1, 1, 0.000526954835635573, 0.00526952421266952, 0.009259259259259259)
(-1, -1, 0.000531834046618729, 0.00531831564561481, 0.009174311926605505)
(1, 1, 0.000536713257589224, 0.00536710706589895, 0.00909090909090909)
(1, -1, 0.000541592468546941, 0.00541589847340577, 0.009009009009009009)
(-1, 1, 0.000546471679491765, 0.00546468986801913, 0.008928571428571428)
(1, -1, 0.000551350890423580, 0.00551348124962286, 0.008849557522123894)
(1, 1, 0.000556230101342268, 0.00556227261810080, 0.008771929824561403)
(1, -1, 0.000561109312247715, 0.00561106397333680, 0.008695652173913044)
(-1, 1, 0.000565988523139803, 0.00565985531521471, 0.008620689655172414)
(1, -1, 0.000570867734018417, 0.00570864664361837, 0.008547008547008548)
(-1, 1, 0.000575746944883440, 0.00575743795843162, 0.00847457627118644)
(-1, -1, 0.000580626155734757, 0.00580622925953831, 0.008403361344537815)
(-1, 1, 0.000585505366572251, 0.00585502054682227, 0.008333333333333333)
(1, -1, 0.000590384577395806, 0.00590381182016737, 0.008264462809917356)
(-1, 1, 0.000595263788205306, 0.00595260307945743, 0.00819672131147541)
(1, -1, 0.000600142999000635, 0.00600139432457630, 0.008130081300813009)
(-1, 1, 0.000605022209781676, 0.00605018555540783, 0.008064516129032258)
(-1, -1, 0.000609901420548314, 0.00609897677183586, 0.008)
(-1, 1, 0.000614780631300432, 0.00614776797374423, 0.007936507936507936)
(-1, -1, 0.000619659842037914, 0.00619655916101680, 0.007874015748031496)
(1, 1, 0.000624539052760644, 0.00624535033353740, 0.0078125)
(-1, -1, 0.000629418263468505, 0.00629414149118987, 0.007751937984496124)
(-1, 1, 0.000634297474161383, 0.00634293263385807, 0.007692307692307693)
(-1, -1, 0.000639176684839160, 0.00639172376142583, 0.007633587786259542)
(-1, 1, 0.000644055895501720, 0.00644051487377701, 0.007575757575757576)
(-1, -1, 0.000648935106148947, 0.00648930597079544, 0.007518796992481203)
(-1, 1, 0.000653814316780725, 0.00653809705236497, 0.007462686567164179)
(-1, -1, 0.000658693527396938, 0.00658688811836944, 0.007407407407407408)
(1, 1, 0.000663572737997470, 0.00663567916869271, 0.007352941176470588)
(-1, -1, 0.000668451948582204, 0.00668447020321860, 0.0072992700729927005)
(-1, 1, 0.000673331159151025, 0.00673326122183098, 0.007246376811594203)
(1, -1, 0.000678210369703816, 0.00678205222441367, 0.007194244604316547)
(1, 1, 0.000683089580240461, 0.00683084321085054, 0.007142857142857143)
(-1, -1, 0.000687968790760844, 0.00687963418102542, 0.0070921985815602835)
(1, 1, 0.000692848001264848, 0.00692842513482215, 0.007042253521126761)
(-1, -1, 0.000697727211752358, 0.00697721607212459, 0.006993006993006993)
(1, 1, 0.000702606422223258, 0.00702600699281657, 0.006944444444444444)
(1, -1, 0.000707485632677431, 0.00707479789678194, 0.006896551724137931)
(-1, 1, 0.000712364843114761, 0.00712358878390455, 0.00684931506849315)
(1, -1, 0.000717244053535131, 0.00717237965406824, 0.006802721088435374)
(1, 1, 0.000722123263938427, 0.00722117050715686, 0.006756756756756757)
(-1, -1, 0.000727002474324531, 0.00726996134305424, 0.006711409395973154)
(1, 1, 0.000731881684693328, 0.00731875216164425, 0.006666666666666667)
(1, -1, 0.000736760895044701, 0.00736754296281071, 0.006622516556291391)
(1, 1, 0.000741640105378534, 0.00741633374643749, 0.006578947368421052)
(1, -1, 0.000746519315694711, 0.00746512451240841, 0.006535947712418301)
(1, 1, 0.000751398525993116, 0.00751391526060733, 0.006493506493506494)
(1, -1, 0.000756277736273633, 0.00756270599091810, 0.0064516129032258064)
(1, 1, 0.000761156946536145, 0.00761149670322455, 0.00641025641025641)
(1, -1, 0.000766036156780536, 0.00766028739741054, 0.006369426751592357)
(1, 1, 0.000770915367006691, 0.00770907807335990, 0.006329113924050633)
(1, -1, 0.000775794577214493, 0.00775786873095649, 0.006289308176100629)
(-1, 1, 0.000780673787403825, 0.00780665937008415, 0.00625)
(1, -1, 0.000785552997574573, 0.00785544999062672, 0.006211180124223602)
(1, 1, 0.000790432207726619, 0.00790424059246805, 0.006172839506172839)
(-1, -1, 0.000795311417859847, 0.00795303117549199, 0.006134969325153374)
(1, 1, 0.000800190627974142, 0.00800182173958238, 0.006097560975609756)
(1, -1, 0.000805069838069387, 0.00805061228462307, 0.006060606060606061)
(-1, 1, 0.000809949048145465, 0.00809940281049791, 0.006024096385542169)
(1, -1, 0.000814828258202262, 0.00814819331709073, 0.005988023952095809)
(-1, 1, 0.000819707468239660, 0.00819698380428539, 0.005952380952380952)
(1, -1, 0.000824586678257543, 0.00824577427196573, 0.005917159763313609)
(-1, 1, 0.000829465888255796, 0.00829456472001560, 0.0058823529411764705)
(1, -1, 0.000834345098234302, 0.00834335514831884, 0.005847953216374269)
(-1, 1, 0.000839224308192945, 0.00839214555675930, 0.005813953488372093)
(1, -1, 0.000844103518131609, 0.00844093594522082, 0.005780346820809248)
(-1, 1, 0.000848982728050177, 0.00848972631358726, 0.005747126436781609)
(-1, -1, 0.000853861937948534, 0.00853851666174245, 0.005714285714285714)
(-1, 1, 0.000858741147826564, 0.00858730698957025, 0.005681818181818182)
(-1, -1, 0.000863620357684149, 0.00863609729695450, 0.005649717514124294)
(1, 1, 0.000868499567521175, 0.00868488758377904, 0.0056179775280898875)
