502.493064108544
(1, -1, 5.04254723960418e-6, 0.0000504254723748858, 1.0)
(1, 1, 0.0000100850944790801, 0.000100850944621553, 0.5)
(1, -1, 0.0000151276417182997, 0.000151276416611784, 0.3333333333333333)
(1, 1, 0.0000201701889571346, 0.000201701888217361, 0.25)
(-1, -1, 0.0000252127361954566, 0.000252127359310064, 0.2)
(1, 1, 0.0000302552834331375, 0.000302552829761675, 0.16666666666666666)
(-1, -1, 0.0000352978306700491, 0.000352978299443977, 0.14285714285714285)
(1, 1, 0.0000403403779060631, 0.000403403768228752, 0.125)
(1, -1, 0.0000453829251410515, 0.000453829235987780, 0.1111111111111111)
(-1, 1, 0.0000504254723748858, 0.000504254702592843, 0.1)
(-1, -1, 0.0000554680196074380, 0.000554680167915724, 0.09090909090909091)
(1, 1, 0.0000605105668385798, 0.000605105631828204, 0.08333333333333333)
(-1, -1, 0.0000655531140681829, 0.000655531094202065, 0.07692307692307693)
(-1, 1, 0.0000705956612961192, 0.000705956554909088, 0.07142857142857142)
(-1, -1, 0.0000756382085222605, 0.000756382013821056, 0.06666666666666667)
(1, 1, 0.0000806807557464785, 0.000806807470809750, 0.0625)
(1, -1, 0.0000857233029686450, 0.000857232925746951, 0.058823529411764705)
(1, 1, 0.0000907658501886318, 0.000907658378504442, 0.05555555555555555)
(1, -1, 0.0000958083974063107, 0.000958083828954005, 0.05263157894736842)
(-1, 1, 0.000100850944621553, 0.00100850927696742, 0.05)
(-1, -1, 0.000105893491834232, 0.00105893472241647, 0.047619047619047616)
(-1, 1, 0.000110936039044217, 0.00110936016517294, 0.045454545454545456)
(1, -1, 0.000115978586251382, 0.00115978560510860, 0.043478260869565216)
(1, 1, 0.000121021133455598, 0.00121021104209525, 0.041666666666666664)
(1, -1, 0.000126063680656737, 0.00126063647600466, 0.04)
(-1, 1, 0.000131106227854670, 0.00131106190670861, 0.038461538461538464)
(1, -1, 0.000136148775049270, 0.00136148733407889, 0.037037037037037035)
(-1, 1, 0.000141191322240408, 0.00141191275798728, 0.03571428571428571)
(-1, -1, 0.000146233869427955, 0.00146233817830555, 0.034482758620689655)
(-1, 1, 0.000151276416611784, 0.00151276359490550, 0.03333333333333333)
(1, -1, 0.000156318963791767, 0.00156318900765890, 0.03225806451612903)
(1, 1, 0.000161361510967775, 0.00161361441643753, 0.03125)
(-1, -1, 0.000166404058139680, 0.00166403982111319, 0.030303030303030304)
(1, 1, 0.000171446605307354, 0.00171446522155764, 0.029411764705882353)
(1, -1, 0.000176489152470668, 0.00176489061764267, 0.02857142857142857)
(1, 1, 0.000181531699629495, 0.00181531600924006, 0.027777777777777776)
(1, -1, 0.000186574246783705, 0.00186574139622160, 0.02702702702702703)
(1, 1, 0.000191616793933172, 0.00191616677845907, 0.02631578947368421)
(-1, -1, 0.000196659341077767, 0.00196659215582424, 0.02564102564102564)
(-1, 1, 0.000201701888217361, 0.00201701752818891, 0.025)
(-1, -1, 0.000206744435351826, 0.00206744289542485, 0.024390243902439025)
(-1, 1, 0.000211786982481034, 0.00211786825740384, 0.023809523809523808)
(-1, -1, 0.000216829529604857, 0.00216829361399767, 0.023255813953488372)
(-1, 1, 0.000221872076723167, 0.00221871896507812, 0.022727272727272728)
(-1, -1, 0.000226914623835835, 0.00226914431051696, 0.022222222222222223)
(1, 1, 0.000231957170942733, 0.00231956965018599, 0.021739130434782608)
(1, -1, 0.000236999718043733, 0.00236999498395699, 0.02127659574468085)
(1, 1, 0.000242042265138707, 0.00242042031170173, 0.020833333333333332)
(1, -1, 0.000247084812227527, 0.00247084563329200, 0.02040816326530612)
(1, 1, 0.000252127359310064, 0.00252127094859958, 0.02)
(1, -1, 0.000257169906386190, 0.00257169625749626, 0.0196078431372549)
(-1, 1, 0.000262212453455776, 0.00262212155985381, 0.019230769230769232)
(-1, -1, 0.000267255000518696, 0.00267254685554402, 0.018867924528301886)
(1, 1, 0.000272297547574819, 0.00272297214443866, 0.018518518518518517)
(1, -1, 0.000277340094624020, 0.00277339742640953, 0.01818181818181818)
(-1, 1, 0.000282382641666168, 0.00282382270132840, 0.017857142857142856)
(1, -1, 0.000287425188701135, 0.00287424796906706, 0.017543859649122806)
(-1, 1, 0.000292467735728795, 0.00292467322949729, 0.017241379310344827)
(1, -1, 0.000297510282749018, 0.00297509848249087, 0.01694915254237288)
(-1, 1, 0.000302552829761675, 0.00302552372791958, 0.016666666666666666)
(-1, -1, 0.000307595376766640, 0.00307594896565521, 0.01639344262295082)
(1, 1, 0.000312637923763783, 0.00312637419556953, 0.016129032258064516)
(-1, -1, 0.000317680470752977, 0.00317679941753433, 0.015873015873015872)
(1, 1, 0.000322723017734094, 0.00322722463142140, 0.015625)
(1, -1, 0.000327765564707004, 0.00327764983710251, 0.015384615384615385)
(-1, 1, 0.000332808111671580, 0.00332807503444945, 0.015151515151515152)
(-1, -1, 0.000337850658627693, 0.00337850022333400, 0.014925373134328358)
(1, 1, 0.000342893205575216, 0.00342892540362794, 0.014705882352941176)
(1, -1, 0.000347935752514020, 0.00347935057520305, 0.014492753623188406)
(1, 1, 0.000352978299443977, 0.00352977573793112, 0.014285714285714285)
(-1, -1, 0.000358020846364959, 0.00358020089168393, 0.014084507042253521)
(1, 1, 0.000363063393276837, 0.00363062603633327, 0.013888888888888888)
(1, -1, 0.000368105940179484, 0.00368105117175090, 0.0136986301369863)
(1, 1, 0.000373148487072771, 0.00373147629780863, 0.013513513513513514)
(1, -1, 0.000378191033956569, 0.00378190141437822, 0.013333333333333334)
(1, 1, 0.000383233580830751, 0.00383232652133147, 0.013157894736842105)
(1, -1, 0.000388276127695189, 0.00388275161854015, 0.012987012987012988)
(-1, 1, 0.000393318674549753, 0.00393317670587605, 0.01282051282051282)
(1, -1, 0.000398361221394317, 0.00398360178321095, 0.012658227848101266)
(-1, 1, 0.000403403768228752, 0.00403402685041663, 0.0125)
(1, -1, 0.000408446315052929, 0.00408445190736488, 0.012345679012345678)
(-1, 1, 0.000413488861866720, 0.00413487695392748, 0.012195121951219513)
(-1, -1, 0.000418531408669997, 0.00418530198997620, 0.012048192771084338)
(-1, 1, 0.000423573955462633, 0.00423572701538285, 0.011904761904761904)
(-1, -1, 0.000428616502244498, 0.00428615203001919, 0.011764705882352941)
(-1, 1, 0.000433659049015464, 0.00433657703375701, 0.011627906976744186)
(-1, -1, 0.000438701595775404, 0.00438700202646809, 0.011494252873563218)
(-1, 1, 0.000443744142524188, 0.00443742700802422, 0.011363636363636364)
(1, -1, 0.000448786689261690, 0.00448785197829718, 0.011235955056179775)
(-1, 1, 0.000453829235987780, 0.00453827693715875, 0.011111111111111112)
(1, -1, 0.000458871782702330, 0.00458870188448071, 0.01098901098901099)
(1, 1, 0.000463914329405212, 0.00463912682013486, 0.010869565217391304)
(1, -1, 0.000468956876096299, 0.00468955174399296, 0.010752688172043012)
(1, 1, 0.000473999422775461, 0.00473997665592681, 0.010638297872340425)
(-1, -1, 0.000479041969442571, 0.00479040155580818, 0.010526315789473684)
(1, 1, 0.000484084516097500, 0.00484082644350887, 0.010416666666666666)
(-1, -1, 0.000489127062740119, 0.00489125131890065, 0.010309278350515464)
(1, 1, 0.000494169609370302, 0.00494167618185531, 0.01020408163265306)
(-1, -1, 0.000499212155987919, 0.00499210103224463, 0.010101010101010102)
(1, 1, 0.000504254702592843, 0.00504252586994039, 0.01)
(1, -1, 0.000509297249184945, 0.00509295069481437, 0.009900990099009901)
(1, 1, 0.000514339795764097, 0.00514337550673837, 0.00980392156862745)
(-1, -1, 0.000519382342330171, 0.00519380030558417, 0.009708737864077669)
(-1, 1, 0.000524424888883038, 0.00524422509122353, 0.009615384615384616)
(1, -1, 0.000529467435422570, 0.00529464986352826, 0.009523809523809525)
(-1, 1, 0.000534509981948640, 0.00534507462237014, 0.009433962264150943)
(-1, -1, 0.000539552528461118, 0.00539549936762094, 0.009345794392523364)
(1, 1, 0.000544595074959877, 0.00544592409915245, 0.009259259259259259)
(1, -1, 0.000549637621444789, 0.00549634881683646, 0.009174311926605505)
(1, 1, 0.000554680167915724, 0.00554677352054475, 0.00909090909090909)
(1, -1, 0.000559722714372556, 0.00559719821014909, 0.009009009009009009)
(-1, 1, 0.000564765260815155, 0.00564762288552129, 0.008928571428571428)
(-1, -1, 0.000569807807243394, 0.00569804754653311, 0.008849557522123894)
(1, 1, 0.000574850353657144, 0.00574847219305635, 0.008771929824561403)
(-1, -1, 0.000579892900056278, 0.00579889682496278, 0.008695652173913044)
(-1, 1, 0.000584935446440666, 0.00584932144212420, 0.008620689655172414)
(-1, -1, 0.000589977992810181, 0.00589974604441238, 0.008547008547008548)
(1, 1, 0.000595020539164695, 0.00595017063169911, 0.00847457627118644)
(-1, -1, 0.000600063085504078, 0.00600059520385617, 0.008403361344537815)
(-1, 1, 0.000605105631828204, 0.00605101976075535, 0.008333333333333333)
(1, -1, 0.000610148178136944, 0.00610144430226843, 0.008264462809917356)
(-1, 1, 0.000615190724430169, 0.00615186882826720, 0.00819672131147541)
(-1, -1, 0.000620233270707751, 0.00620229333862344, 0.008130081300813009)
(1, 1, 0.000625275816969563, 0.00625271783320892, 0.008064516129032258)
(-1, -1, 0.000630318363215476, 0.00630314231189545, 0.008)
(-1, 1, 0.000635360909445361, 0.00635356677455480, 0.007936507936507936)
(1, -1, 0.000640403455659091, 0.00640399122105875, 0.007874015748031496)
(1, 1, 0.000645446001856537, 0.00645441565127910, 0.0078125)
(-1, -1, 0.000650488548037571, 0.00650484006508762, 0.007751937984496124)
(1, 1, 0.000655531094202065, 0.00655526446235610, 0.007692307692307693)
(1, -1, 0.000660573640349891, 0.00660568884295632, 0.007633587786259542)
(-1, 1, 0.000665616186480920, 0.00665611320676007, 0.007575757575757576)
(-1, -1, 0.000670658732595024, 0.00670653755363913, 0.007518796992481203)
(-1, 1, 0.000675701278692075, 0.00675696188346529, 0.007462686567164179)
(-1, -1, 0.000680743824771945, 0.00680738619611034, 0.007407407407407408)
(1, 1, 0.000685786370834505, 0.00685781049144605, 0.007352941176470588)
(1, -1, 0.000690828916879628, 0.00690823476934421, 0.0072992700729927005)
(1, 1, 0.000695871462907185, 0.00695865902967660, 0.007246376811594203)
(-1, -1, 0.000700914008917048, 0.00700908327231502, 0.007194244604316547)
(1, 1, 0.000705956554909088, 0.00705950749713125, 0.007142857142857143)
(1, -1, 0.000710999100883178, 0.00710993170399706, 0.0070921985815602835)
(-1, 1, 0.000716041646839189, 0.00716035589278425, 0.007042253521126761)
(1, -1, 0.000721084192776993, 0.00721078006336460, 0.006993006993006993)
(1, 1, 0.000726126738696462, 0.00726120421560990, 0.006944444444444444)
(1, -1, 0.000731169284597468, 0.00731162834939193, 0.006896551724137931)
(1, 1, 0.000736211830479881, 0.00736205246458247, 0.00684931506849315)
(1, -1, 0.000741254376343575, 0.00741247656105332, 0.006802721088435374)
(1, 1, 0.000746296922188421, 0.00746290063867625, 0.006756756756756757)
(-1, -1, 0.000751339468014291, 0.00751332469732305, 0.006711409395973154)
(1, 1, 0.000756382013821056, 0.00756374873686551, 0.006666666666666667)
(-1, -1, 0.000761424559608588, 0.00761417275717541, 0.006622516556291391)
(1, 1, 0.000766467105376760, 0.00766459675812454, 0.006578947368421052)
(1, -1, 0.000771509651125442, 0.00771502073958469, 0.006535947712418301)
(1, 1, 0.000776552196854506, 0.00776544470142763, 0.006493506493506494)
(-1, -1, 0.000781594742563826, 0.00781586864352515, 0.0064516129032258064)
(-1, 1, 0.000786637288253271, 0.00786629256574905, 0.00641025641025641)
(-1, -1, 0.000791679833922714, 0.00791671646797110, 0.006369426751592357)
(1, 1, 0.000796722379572027, 0.00796714035006309, 0.006329113924050633)
(-1, -1, 0.000801764925201082, 0.00801756421189681, 0.006289308176100629)
(-1, 1, 0.000806807470809750, 0.00806798805334405, 0.00625)
(-1, -1, 0.000811850016397902, 0.00811841187427658, 0.006211180124223602)
(1, 1, 0.000816892561965412, 0.00816883567456619, 0.006172839506172839)
(-1, -1, 0.000821935107512151, 0.00821925945408468, 0.006134969325153374)
(-1, 1, 0.000826977653037989, 0.00826968321270382, 0.006097560975609756)
(1, -1, 0.000832020198542800, 0.00832010695029541, 0.006060606060606061)
(-1, 1, 0.000837062744026456, 0.00837053066673122, 0.006024096385542169)
(1, -1, 0.000842105289488826, 0.00842095436188305, 0.005988023952095809)
(-1, 1, 0.000847147834929785, 0.00847137803562268, 0.005952380952380952)
(1, -1, 0.000852190380349203, 0.00852180168782190, 0.005917159763313609)
(-1, 1, 0.000857232925746951, 0.00857222531835249, 0.0058823529411764705)
(1, -1, 0.000862275471122903, 0.00862264892708625, 0.005847953216374269)
(-1, 1, 0.000867318016476929, 0.00867307251389495, 0.005813953488372093)
(-1, -1, 0.000872360561808902, 0.00872349607865038, 0.005780346820809248)
(-1, 1, 0.000877403107118693, 0.00877391962122434, 0.005747126436781609)
(-1, -1, 0.000882445652406174, 0.00882434314148860, 0.005714285714285714)
(-1, 1, 0.000887488197671217, 0.00887476663931495, 0.005681818181818182)
(1, -1, 0.000892530742913694, 0.00892519011457518, 0.005649717514124294)
(1, 1, 0.000897573288133475, 0.00897561356714108, 0.0056179775280898875)
