547.505218316440
(1, -1, 4.24750200921315e-6, 0.951054941222434, 1.0)
(1, 1, 8.49500401834966e-6, 0.587793499385074, 0.5)
(1, -1, 0.0000127425060273329, -0.587772881539044, 0.3333333333333333)
(1, 1, 0.0000169900080360863, -0.951062816338951, 0.25)
(-1, -1, 0.0000212375100445331, -0.0000254850120525968, 0.2)
(1, 1, 0.0000254850120525968, 0.951047065488220, 0.16666666666666666)
(-1, -1, 0.0000297325140602007, 0.587814116849340, 0.14285714285714285)
(1, 1, 0.0000339800160672682, -0.587752263311264, 0.125)
(1, -1, 0.0000382275180737227, -0.951070690837767, 0.1111111111111111)
(-1, 1, 0.0000424750200794874, -0.0000509700240886415, 0.1)
(1, -1, 0.0000467225220844859, 0.951039189136315, 0.09090909090909091)
(1, 1, 0.0000509700240886415, 0.587834733931830, 0.08333333333333333)
(-1, -1, 0.0000552175260918774, -0.587731644701748, 0.07692307692307693)
(-1, 1, 0.0000594650280941172, -0.951078564718875, 0.07142857142857142)
(-1, -1, 0.0000637125300952842, -0.0000764550360915818, 0.06666666666666667)
(1, 1, 0.0000679600320953017, 0.951031312166723, 0.0625)
(-1, -1, 0.0000722075340940931, 0.587855350632529, 0.058823529411764705)
(1, 1, 0.0000764550360915818, -0.587711025710507, 0.05555555555555555)
(1, -1, 0.0000807025380876912, -0.951086437982272, 0.05263157894736842)
(-1, 1, 0.0000849500400823446, -0.000101940048044866, 0.05)
(-1, -1, 0.0000891975420754653, 0.951023434579449, 0.047619047619047616)
(1, 1, 0.0000934450440669769, 0.587875966951424, 0.045454545454545456)
(-1, -1, 0.0000976925460568026, -0.587690406337557, 0.043478260869565216)
(1, 1, 0.000101940048044866, -0.951094310627951, 0.041666666666666664)
(1, -1, 0.000106187550031090, -0.000127425059931941, 0.04)
(-1, 1, 0.000110435052015398, 0.951015556374500, 0.038461538461538464)
(1, -1, 0.000114682553997714, 0.587896582888502, 0.037037037037037035)
(-1, 1, 0.000118930055977961, -0.587669786582911, 0.03571428571428571)
(-1, -1, 0.000123177557956062, -0.951102182655908, 0.034482758620689655)
(-1, 1, 0.000127425059931941, -0.000152910071736255, 0.03333333333333333)
(1, -1, 0.000131672561905521, 0.951007677551879, 0.03225806451612903)
(1, 1, 0.000135920063876726, 0.587917198443750, 0.03125)
(1, -1, 0.000140167565845478, -0.587649166446581, 0.030303030303030304)
(-1, 1, 0.000144415067811701, -0.951110054066137, 0.029411764705882353)
(1, -1, 0.000148662569775319, -0.000178395083441257, 0.02857142857142857)
(1, 1, 0.000152910071736255, 0.950999798111592, 0.027777777777777776)
(1, -1, 0.000157157573694433, 0.587937813617154, 0.02702702702702703)
(1, 1, 0.000161405075649775, -0.587628545928581, 0.02631578947368421)
(-1, -1, 0.000165652577602205, -0.951117924858634, 0.02564102564102564)
(-1, 1, 0.000169900079551646, -0.000203880095030394, 0.025)
(-1, -1, 0.000174147581498023, 0.950991918053645, 0.024390243902439025)
(-1, 1, 0.000178395083441257, 0.587958428408700, 0.023809523809523808)
(-1, -1, 0.000182642585381273, -0.587607925028925, 0.023255813953488372)
(1, 1, 0.000186890087317994, -0.951125795033393, 0.022727272727272728)
(-1, -1, 0.000191137589251343, -0.000229365106487113, 0.022222222222222223)
(-1, 1, 0.000195385091181244, 0.950984037378041, 0.021739130434782608)
(-1, -1, 0.000199632593107619, 0.587979042818376, 0.02127659574468085)
(1, 1, 0.000203880095030394, -0.587587303747625, 0.020833333333333332)
(1, -1, 0.000208127596949489, -0.951133664590410, 0.02040816326530612)
(1, 1, 0.000212375098864830, -0.000254850117794863, 0.02)
(-1, -1, 0.000216622600776340, 0.950976156084787, 0.0196078431372549)
(-1, 1, 0.000220870102683941, 0.587999656846168, 0.019230769230769232)
(-1, -1, 0.000225117604587558, -0.587566682084697, 0.018867924528301886)
(1, 1, 0.000229365106487113, -0.951141533529679, 0.018518518518518517)
(-1, -1, 0.000233612608382530, -0.000280335128937091, 0.01818181818181818)
(-1, 1, 0.000237860110273732, 0.950968274173887, 0.017857142857142856)
(1, -1, 0.000242107612160643, 0.588020270492062, 0.017543859649122806)
(-1, 1, 0.000246355114043187, -0.587546060040152, 0.017241379310344827)
(1, -1, 0.000250602615921285, -0.951149401851195, 0.01694915254237288)
(-1, 1, 0.000254850117794863, -0.000305820139897246, 0.016666666666666666)
(-1, -1, 0.000259097619663842, 0.950960391645347, 0.01639344262295082)
(1, 1, 0.000263345121528147, 0.588040883756045, 0.016129032258064516)
(-1, -1, 0.000267592623387702, -0.587525437614004, 0.015873015873015872)
(1, 1, 0.000271840125242428, -0.951157269554952, 0.015625)
(1, -1, 0.000276087627092250, -0.000331305150658774, 0.015384615384615385)
(1, 1, 0.000280335128937091, 0.950952508499172, 0.015151515151515152)
(-1, -1, 0.000284582630776874, 0.588061496638104, 0.014925373134328358)
(-1, 1, 0.000288830132611524, -0.587504814806266, 0.014705882352941176)
(-1, -1, 0.000293077634440962, -0.951165136640947, 0.014492753623188406)
(1, 1, 0.000297325136265113, -0.000356790161205125, 0.014285714285714285)
(-1, -1, 0.000301572638083900, 0.950944624735366, 0.014084507042253521)
(1, 1, 0.000305820139897246, 0.588082109138226, 0.013888888888888888)
(1, -1, 0.000310067641705074, -0.587484191616953, 0.0136986301369863)
(1, 1, 0.000314315143507309, -0.951173003109173, 0.013513513513513514)
(1, -1, 0.000318562645303873, -0.000382275171519746, 0.013333333333333334)
(1, 1, 0.000322810147094689, 0.950936740353936, 0.013157894736842105)
(-1, -1, 0.000327057648879682, 0.588102721256397, 0.012987012987012988)
(-1, 1, 0.000331305150658774, -0.587463568046077, 0.01282051282051282)
(-1, -1, 0.000335552652431889, -0.951180868959626, 0.012658227848101266)
(-1, 1, 0.000339800154198951, -0.000407760181586084, 0.0125)
(1, -1, 0.000344047655959882, 0.950928855354885, 0.012345679012345678)
(-1, 1, 0.000348295157714605, 0.588123332992603, 0.012195121951219513)
(-1, -1, 0.000352542659463045, -0.587442944093651, 0.012048192771084338)
(-1, 1, 0.000356790161205125, -0.951188734192301, 0.011904761904761904)
(1, -1, 0.000361037662940768, -0.000433245191387588, 0.011764705882352941)
(-1, 1, 0.000365285164669897, 0.950920969738219, 0.011627906976744186)
(-1, -1, 0.000369532666392436, 0.588143944346831, 0.011494252873563218)
(1, 1, 0.000373780168108308, -0.587422319759690, 0.011363636363636364)
(-1, -1, 0.000378027669817437, -0.951196598807191, 0.011235955056179775)
(-1, 1, 0.000382275171519746, -0.000458730200907705, 0.011111111111111112)
(1, -1, 0.000386522673215158, 0.950913083503944, 0.01098901098901099)
(-1, 1, 0.000390770174903596, 0.588164555319069, 0.010869565217391304)
(1, -1, 0.000395017676584985, -0.587401695044206, 0.010752688172043012)
(-1, 1, 0.000399265178259247, -0.951204462804293, 0.010638297872340425)
(-1, -1, 0.000403512679926305, -0.000484215210129884, 0.010526315789473684)
(1, 1, 0.000407760181586084, 0.950905196652065, 0.010416666666666666)
(1, -1, 0.000412007683238506, 0.588185165909301, 0.010309278350515464)
(1, 1, 0.000416255184883495, -0.587381069947214, 0.01020408163265306)
(1, -1, 0.000420502686520975, -0.951212326183602, 0.010101010101010102)
(1, 1, 0.000424750188150868, -0.000509700219037571, 0.01)
(-1, -1, 0.000428997689773098, 0.950897309182585, 0.009900990099009901)
(-1, 1, 0.000433245191387588, 0.588205776117516, 0.00980392156862745)
(1, -1, 0.000437492692994262, -0.587360444468725, 0.009708737864077669)
(-1, 1, 0.000441740194593043, -0.951220188945111, 0.009615384615384616)
(1, -1, 0.000445987696183854, -0.000535185227614216, 0.009523809523809525)
(-1, 1, 0.000450235197766620, 0.950889421095512, 0.009433962264150943)
(1, -1, 0.000454482699341262, 0.588226385943700, 0.009345794392523364)
(1, 1, 0.000458730200907705, -0.587339818608755, 0.009259259259259259)
(-1, -1, 0.000462977702465872, -0.951228051088816, 0.009174311926605505)
(-1, 1, 0.000467225204015686, -0.000560670235843265, 0.00909090909090909)
(1, -1, 0.000471472705557071, 0.950881532390849, 0.009009009009009009)
(-1, 1, 0.000475720207089950, 0.588246995387838, 0.008928571428571428)
(-1, -1, 0.000479967708614246, -0.587319192367315, 0.008849557522123894)
(1, 1, 0.000484215210129884, -0.951235912614712, 0.008771929824561403)
(1, -1, 0.000488462711636785, -0.000586155243708167, 0.008695652173913044)
(-1, 1, 0.000492710213134874, 0.950873643068602, 0.008620689655172414)
(-1, -1, 0.000496957714624073, 0.588267604449919, 0.008547008547008548)
(1, 1, 0.000501205216104307, -0.587298565744420, 0.00847457627118644)
(1, -1, 0.000505452717575499, -0.951243773522794, 0.008403361344537815)
(-1, 1, 0.000509700219037571, -0.000611640251192369, 0.008333333333333333)
(1, -1, 0.000513947720490448, 0.950865753128777, 0.008264462809917356)
(-1, 1, 0.000518195221934053, 0.588288213129928, 0.00819672131147541)
(-1, -1, 0.000522442723368308, -0.587277938740082, 0.008130081300813009)
(1, 1, 0.000526690224793138, -0.951251633813057, 0.008064516129032258)
(-1, -1, 0.000530937726208466, -0.000637125258279320, 0.008)
(-1, 1, 0.000535185227614216, 0.950857862571377, 0.007936507936507936)
(-1, -1, 0.000539432729010309, 0.588308821427852, 0.007874015748031496)
(1, 1, 0.000543680230396671, -0.587257311354316, 0.0078125)
(-1, -1, 0.000547927731773224, -0.951259493485495, 0.007751937984496124)
(1, 1, 0.000552175233139892, -0.000662610264952467, 0.007692307692307693)
(1, -1, 0.000556422734496598, 0.950849971396409, 0.007633587786259542)
(1, 1, 0.000560670235843265, 0.588329429343679, 0.007575757575757576)
(-1, -1, 0.000564917737179817, -0.587236683587135, 0.007518796992481203)
(-1, 1, 0.000569165238506177, -0.951267352540103, 0.007462686567164179)
(-1, -1, 0.000573412739822269, -0.000688095271195257, 0.007407407407407408)
(-1, 1, 0.000577660241128015, 0.950842079603877, 0.007352941176470588)
(1, -1, 0.000581907742423340, 0.588350036877393, 0.0072992700729927005)
(-1, 1, 0.000586155243708167, -0.587216055438552, 0.007246376811594203)
(-1, -1, 0.000590402744982418, -0.951275210976877, 0.007194244604316547)
(1, 1, 0.000594650246246018, -0.000713580276991140, 0.007142857142857143)
(-1, -1, 0.000598897747498890, 0.950834187193786, 0.0070921985815602835)
(-1, 1, 0.000603145248740957, 0.588370644028982, 0.007042253521126761)
(-1, -1, 0.000607392749972142, -0.587195426908580, 0.006993006993006993)
(1, 1, 0.000611640251192369, -0.951283068795811, 0.006944444444444444)
(1, -1, 0.000615887752401561, -0.000739065282323562, 0.006896551724137931)
(1, 1, 0.000620135253599642, 0.950826294166143, 0.00684931506849315)
(1, -1, 0.000624382754786535, 0.588391250798433, 0.006802721088435374)
(1, 1, 0.000628630255962164, -0.587174797997233, 0.006756756756756757)
(-1, -1, 0.000632877757126451, -0.951290925996900, 0.006711409395973154)
(1, 1, 0.000637125258279320, -0.000764550287175972, 0.006666666666666667)
(-1, -1, 0.000641372759420694, 0.950818400520951, 0.006622516556291391)
(1, 1, 0.000645620260550497, 0.588411857185733, 0.006578947368421052)
(-1, -1, 0.000649867761668653, -0.587154168704525, 0.006535947712418301)
(-1, 1, 0.000654115262775084, -0.951298782580139, 0.006493506493506494)
(-1, -1, 0.000658362763869714, -0.000790035291531818, 0.0064516129032258064)
(-1, 1, 0.000662610264952467, 0.950810506258216, 0.00641025641025641)
(-1, -1, 0.000666857766023264, 0.588432463190867, 0.006369426751592357)
(-1, 1, 0.000671105267082031, -0.587133539030468, 0.006329113924050633)
(-1, -1, 0.000675352768128691, -0.951306638545523, 0.006289308176100629)
(-1, 1, 0.000679600269163166, -0.000815520295374546, 0.00625)
(1, -1, 0.000683847770185380, 0.950802611377942, 0.006211180124223602)
(1, 1, 0.000688095271195257, 0.588453068813822, 0.006172839506172839)
(-1, -1, 0.000692342772192720, -0.587112908975076, 0.006134969325153374)
(-1, 1, 0.000696590273177692, -0.951314493893047, 0.006097560975609756)
(-1, -1, 0.000700837774150097, -0.000841005298687606, 0.006060606060606061)
(-1, 1, 0.000705085275109857, 0.950794715880137, 0.006024096385542169)
(1, -1, 0.000709332776056897, 0.588473674054586, 0.005988023952095809)
(-1, 1, 0.000713580276991140, -0.587092278538363, 0.005952380952380952)
(1, -1, 0.000717827777912509, -0.951322348622705, 0.005917159763313609)
(1, 1, 0.000722075278820927, -0.000866490301454445, 0.0058823529411764705)
(1, -1, 0.000726322779716318, 0.950786819764803, 0.005847953216374269)
(-1, 1, 0.000730570280598606, 0.588494278913144, 0.005813953488372093)
(-1, -1, 0.000734817781467713, -0.587071647720342, 0.005780346820809248)
(-1, 1, 0.000739065282323562, -0.951330202734494, 0.005747126436781609)
(-1, -1, 0.000743312783166079, -0.000891975303658510, 0.005714285714285714)
(1, 1, 0.000747560283995184, 0.950778923031947, 0.005681818181818182)
(1, -1, 0.000751807784810803, 0.588514883389484, 0.005649717514124294)
(-1, 1, 0.000756055285612859, -0.587051016521026, 0.0056179775280898875)
(1, -1, 0.000760302786401274, -0.951338056228406, 0.00558659217877095)
(-1, 1, 0.000764550287175972, -0.000917460305283251, 0.005555555555555556)
(1, -1, 0.000768797787936877, 0.950771025681573, 0.0055248618784530384)
(1, 1, 0.000773045288683912, 0.588535487483591, 0.005494505494505495)
