510.834511266978
(1, -1, 4.87921166686183e-6, 4.87921166686183e-6, 1.0)
(1, 1, 9.75842333360751e-6, -9.75842333360751e-6, 0.5)
(1, -1, 0.0000146376350001209, 0.0000146376350001209, 0.3333333333333333)
(1, 1, 0.0000195168466662857, -0.0000195168466662857, 0.25)
(-1, -1, 0.0000243960583319860, 0.0000243960583319860, 0.2)
(1, 1, 0.0000292752699971055, -0.0000292752699971055, 0.16666666666666666)
(-1, -1, 0.0000341544816615280, 0.0000341544816615280, 0.14285714285714285)
(1, 1, 0.0000390336933251374, -0.0000390336933251374, 0.125)
(1, -1, 0.0000439129049878175, 0.0000439129049878175, 0.1111111111111111)
(-1, 1, 0.0000487921166494522, -0.0000487921166494522, 0.1)
(-1, -1, 0.0000536713283099254, 0.0000536713283099254, 0.09090909090909091)
(1, 1, 0.0000585505399691208, -0.0000585505399691208, 0.08333333333333333)
(1, -1, 0.0000634297516269223, 0.0000634297516269223, 0.07692307692307693)
(-1, 1, 0.0000683089632832138, -0.0000683089632832138, 0.07142857142857142)
(-1, -1, 0.0000731881749378790, 0.0000731881749378790, 0.06666666666666667)
(1, 1, 0.0000780673865908019, -0.0000780673865908019, 0.0625)
(1, -1, 0.0000829465982418662, 0.0000829465982418662, 0.058823529411764705)
(1, 1, 0.0000878258098909559, -0.0000878258098909559, 0.05555555555555555)
(1, -1, 0.0000927050215379547, 0.0000927050215379547, 0.05263157894736842)
(-1, 1, 0.0000975842331827465, -0.0000975842331827465, 0.05)
(-1, -1, 0.000102463444825215, 0.000102463444825215, 0.047619047619047616)
(-1, 1, 0.000107342656465245, -0.000107342656465245, 0.045454545454545456)
(-1, -1, 0.000112221868102718, 0.000112221868102718, 0.043478260869565216)
(1, 1, 0.000117101079737521, -0.000117101079737521, 0.041666666666666664)
(1, -1, 0.000121980291369535, 0.000121980291369535, 0.04)
(1, 1, 0.000126859502998646, -0.000126859502998646, 0.038461538461538464)
(1, -1, 0.000131738714624736, 0.000131738714624736, 0.037037037037037035)
(-1, 1, 0.000136617926247690, -0.000136617926247690, 0.03571428571428571)
(-1, -1, 0.000141497137867392, 0.000141497137867392, 0.034482758620689655)
(-1, 1, 0.000146376349483725, -0.000146376349483725, 0.03333333333333333)
(-1, -1, 0.000151255561096573, 0.000151255561096573, 0.03225806451612903)
(1, 1, 0.000156134772705821, -0.000156134772705821, 0.03125)
(-1, -1, 0.000161013984311351, 0.000161013984311351, 0.030303030303030304)
(1, 1, 0.000165893195913048, -0.000165893195913048, 0.029411764705882353)
(1, -1, 0.000170772407510796, 0.000170772407510796, 0.02857142857142857)
(1, 1, 0.000175651619104479, -0.000175651619104479, 0.027777777777777776)
(1, -1, 0.000180530830693979, 0.000180530830693979, 0.02702702702702703)
(1, 1, 0.000185410042279182, -0.000185410042279182, 0.02631578947368421)
(1, -1, 0.000190289253859971, 0.000190289253859971, 0.02564102564102564)
(-1, 1, 0.000195168465436229, -0.000195168465436229, 0.025)
(1, -1, 0.000200047677007842, 0.000200047677007842, 0.024390243902439025)
(-1, 1, 0.000204926888574692, -0.000204926888574692, 0.023809523809523808)
(-1, -1, 0.000209806100136663, 0.000209806100136663, 0.023255813953488372)
(-1, 1, 0.000214685311693639, -0.000214685311693639, 0.022727272727272728)
(-1, -1, 0.000219564523245505, 0.000219564523245505, 0.022222222222222223)
(-1, 1, 0.000224443734792143, -0.000224443734792143, 0.021739130434782608)
(-1, -1, 0.000229322946333438, 0.000229322946333438, 0.02127659574468085)
(1, 1, 0.000234202157869274, -0.000234202157869274, 0.020833333333333332)
(1, -1, 0.000239081369399534, 0.000239081369399534, 0.02040816326530612)
(1, 1, 0.000243960580924102, -0.000243960580924102, 0.02)
(1, -1, 0.000248839792442863, 0.000248839792442863, 0.0196078431372549)
(1, 1, 0.000253719003955699, -0.000253719003955699, 0.019230769230769232)
(1, -1, 0.000258598215462495, 0.000258598215462495, 0.018867924528301886)
(1, 1, 0.000263477426963135, -0.000263477426963135, 0.018518518518518517)
(1, -1, 0.000268356638457502, 0.000268356638457502, 0.01818181818181818)
(-1, 1, 0.000273235849945481, -0.000273235849945481, 0.017857142857142856)
(1, -1, 0.000278115061426954, 0.000278115061426954, 0.017543859649122806)
(-1, 1, 0.000282994272901807, -0.000282994272901807, 0.017241379310344827)
(-1, -1, 0.000287873484369923, 0.000287873484369923, 0.01694915254237288)
(-1, 1, 0.000292752695831185, -0.000292752695831185, 0.016666666666666666)
(-1, -1, 0.000297631907285478, 0.000297631907285478, 0.01639344262295082)
(-1, 1, 0.000302511118732685, -0.000302511118732685, 0.016129032258064516)
(-1, -1, 0.000307390330172690, 0.000307390330172690, 0.015873015873015872)
(1, 1, 0.000312269541605378, -0.000312269541605378, 0.015625)
(-1, -1, 0.000317148753030631, 0.000317148753030631, 0.015384615384615385)
(-1, 1, 0.000322027964448334, -0.000322027964448334, 0.015151515151515152)
(-1, -1, 0.000326907175858370, 0.000326907175858370, 0.014925373134328358)
(1, 1, 0.000331786387260624, -0.000331786387260624, 0.014705882352941176)
(-1, -1, 0.000336665598654980, 0.000336665598654980, 0.014492753623188406)
(1, 1, 0.000341544810041320, -0.000341544810041320, 0.014285714285714285)
(1, -1, 0.000346424021419529, 0.000346424021419529, 0.014084507042253521)
(1, 1, 0.000351303232789491, -0.000351303232789491, 0.013888888888888888)
(-1, -1, 0.000356182444151090, 0.000356182444151090, 0.0136986301369863)
(1, 1, 0.000361061655504209, -0.000361061655504209, 0.013513513513513514)
(1, -1, 0.000365940866848733, 0.000365940866848733, 0.013333333333333334)
(1, 1, 0.000370820078184544, -0.000370820078184544, 0.013157894736842105)
(1, -1, 0.000375699289511528, 0.000375699289511528, 0.012987012987012988)
(1, 1, 0.000380578500829568, -0.000380578500829568, 0.01282051282051282)
(1, -1, 0.000385457712138547, 0.000385457712138547, 0.012658227848101266)
(-1, 1, 0.000390336923438349, -0.000390336923438349, 0.0125)
(1, -1, 0.000395216134728859, 0.000395216134728859, 0.012345679012345678)
(1, 1, 0.000400095346009961, -0.000400095346009961, 0.012195121951219513)
(-1, -1, 0.000404974557281537, 0.000404974557281537, 0.012048192771084338)
(-1, 1, 0.000409853768543472, -0.000409853768543472, 0.011904761904761904)
(-1, -1, 0.000414732979795650, 0.000414732979795650, 0.011764705882352941)
(-1, 1, 0.000419612191037955, -0.000419612191037955, 0.011627906976744186)
(-1, -1, 0.000424491402270270, 0.000424491402270270, 0.011494252873563218)
(-1, 1, 0.000429370613492479, -0.000429370613492479, 0.011363636363636364)
(1, -1, 0.000434249824704466, 0.000434249824704466, 0.011235955056179775)
(-1, 1, 0.000439129035906115, -0.000439129035906115, 0.011111111111111112)
(-1, -1, 0.000444008247097310, 0.000444008247097310, 0.01098901098901099)
(-1, 1, 0.000448887458277935, -0.000448887458277935, 0.010869565217391304)
(-1, -1, 0.000453766669447873, 0.000453766669447873, 0.010752688172043012)
(-1, 1, 0.000458645880607008, -0.000458645880607008, 0.010638297872340425)
(-1, -1, 0.000463525091755225, 0.000463525091755225, 0.010526315789473684)
(1, 1, 0.000468404302892406, -0.000468404302892406, 0.010416666666666666)
(-1, -1, 0.000473283514018437, 0.000473283514018437, 0.010309278350515464)
(1, 1, 0.000478162725133200, -0.000478162725133200, 0.01020408163265306)
(-1, -1, 0.000483041936236579, 0.000483041936236579, 0.010101010101010102)
(1, 1, 0.000487921147328459, -0.000487921147328459, 0.01)
(-1, -1, 0.000492800358408723, 0.000492800358408723, 0.009900990099009901)
(1, 1, 0.000497679569477256, -0.000497679569477256, 0.00980392156862745)
(-1, -1, 0.000502558780533940, 0.000502558780533940, 0.009708737864077669)
(1, 1, 0.000507437991578660, -0.000507437991578660, 0.009615384615384616)
(1, -1, 0.000512317202611299, 0.000512317202611299, 0.009523809523809525)
(1, 1, 0.000517196413631742, -0.000517196413631742, 0.009433962264150943)
(-1, -1, 0.000522075624639872, 0.000522075624639872, 0.009345794392523364)
(1, 1, 0.000526954835635573, -0.000526954835635573, 0.009259259259259259)
(-1, -1, 0.000531834046618729, 0.000531834046618729, 0.009174311926605505)
(1, 1, 0.000536713257589224, -0.000536713257589224, 0.00909090909090909)
(1, -1, 0.000541592468546941, 0.000541592468546941, 0.009009009009009009)
(-1, 1, 0.000546471679491765, -0.000546471679491765, 0.008928571428571428)
(1, -1, 0.000551350890423580, 0.000551350890423580, 0.008849557522123894)
(1, 1, 0.000556230101342268, -0.000556230101342268, 0.008771929824561403)
(1, -1, 0.000561109312247715, 0.000561109312247715, 0.008695652173913044)
(-1, 1, 0.000565988523139803, -0.000565988523139803, 0.008620689655172414)
(1, -1, 0.000570867734018417, 0.000570867734018417, 0.008547008547008548)
(-1, 1, 0.000575746944883440, -0.000575746944883440, 0.00847457627118644)
(-1, -1, 0.000580626155734757, 0.000580626155734757, 0.008403361344537815)
(-1, 1, 0.000585505366572251, -0.000585505366572251, 0.008333333333333333)
(1, -1, 0.000590384577395806, 0.000590384577395806, 0.008264462809917356)
(-1, 1, 0.000595263788205306, -0.000595263788205306, 0.00819672131147541)
(1, -1, 0.000600142999000635, 0.000600142999000635, 0.008130081300813009)
(-1, 1, 0.000605022209781676, -0.000605022209781676, 0.008064516129032258)
(-1, -1, 0.000609901420548314, 0.000609901420548314, 0.008)
(-1, 1, 0.000614780631300432, -0.000614780631300432, 0.007936507936507936)
(-1, -1, 0.000619659842037914, 0.000619659842037914, 0.007874015748031496)
(1, 1, 0.000624539052760644, -0.000624539052760644, 0.0078125)
(-1, -1, 0.000629418263468505, 0.000629418263468505, 0.007751937984496124)
(-1, 1, 0.000634297474161383, -0.000634297474161383, 0.007692307692307693)
(-1, -1, 0.000639176684839160, 0.000639176684839160, 0.007633587786259542)
(-1, 1, 0.000644055895501720, -0.000644055895501720, 0.007575757575757576)
(-1, -1, 0.000648935106148947, 0.000648935106148947, 0.007518796992481203)
(-1, 1, 0.000653814316780725, -0.000653814316780725, 0.007462686567164179)
(-1, -1, 0.000658693527396938, 0.000658693527396938, 0.007407407407407408)
(1, 1, 0.000663572737997470, -0.000663572737997470, 0.007352941176470588)
(-1, -1, 0.000668451948582204, 0.000668451948582204, 0.0072992700729927005)
(-1, 1, 0.000673331159151025, -0.000673331159151025, 0.007246376811594203)
(1, -1, 0.000678210369703816, 0.000678210369703816, 0.007194244604316547)
(1, 1, 0.000683089580240461, -0.000683089580240461, 0.007142857142857143)
(-1, -1, 0.000687968790760844, 0.000687968790760844, 0.0070921985815602835)
(1, 1, 0.000692848001264848, -0.000692848001264848, 0.007042253521126761)
(-1, -1, 0.000697727211752358, 0.000697727211752358, 0.006993006993006993)
(1, 1, 0.000702606422223258, -0.000702606422223258, 0.006944444444444444)
(1, -1, 0.000707485632677431, 0.000707485632677431, 0.006896551724137931)
(-1, 1, 0.000712364843114761, -0.000712364843114761, 0.00684931506849315)
(1, -1, 0.000717244053535131, 0.000717244053535131, 0.006802721088435374)
(1, 1, 0.000722123263938427, -0.000722123263938427, 0.006756756756756757)
(-1, -1, 0.000727002474324531, 0.000727002474324531, 0.006711409395973154)
(1, 1, 0.000731881684693328, -0.000731881684693328, 0.006666666666666667)
(1, -1, 0.000736760895044701, 0.000736760895044701, 0.006622516556291391)
(1, 1, 0.000741640105378534, -0.000741640105378534, 0.006578947368421052)
(1, -1, 0.000746519315694711, 0.000746519315694711, 0.006535947712418301)
(1, 1, 0.000751398525993116, -0.000751398525993116, 0.006493506493506494)
(1, -1, 0.000756277736273633, 0.000756277736273633, 0.0064516129032258064)
(1, 1, 0.000761156946536145, -0.000761156946536145, 0.00641025641025641)
(1, -1, 0.000766036156780536, 0.000766036156780536, 0.006369426751592357)
(1, 1, 0.000770915367006691, -0.000770915367006691, 0.006329113924050633)
(1, -1, 0.000775794577214493, 0.000775794577214493, 0.006289308176100629)
(-1, 1, 0.000780673787403825, -0.000780673787403825, 0.00625)
(1, -1, 0.000785552997574573, 0.000785552997574573, 0.006211180124223602)
(1, 1, 0.000790432207726619, -0.000790432207726619, 0.006172839506172839)
(-1, -1, 0.000795311417859847, 0.000795311417859847, 0.006134969325153374)
(1, 1, 0.000800190627974142, -0.000800190627974142, 0.006097560975609756)
(1, -1, 0.000805069838069387, 0.000805069838069387, 0.006060606060606061)
(-1, 1, 0.000809949048145465, -0.000809949048145465, 0.006024096385542169)
(1, -1, 0.000814828258202262, 0.000814828258202262, 0.005988023952095809)
(-1, 1, 0.000819707468239660, -0.000819707468239660, 0.005952380952380952)
(1, -1, 0.000824586678257543, 0.000824586678257543, 0.005917159763313609)
(-1, 1, 0.000829465888255796, -0.000829465888255796, 0.0058823529411764705)
(1, -1, 0.000834345098234302, 0.000834345098234302, 0.005847953216374269)
(-1, 1, 0.000839224308192945, -0.000839224308192945, 0.005813953488372093)
(1, -1, 0.000844103518131609, 0.000844103518131609, 0.005780346820809248)
(-1, 1, 0.000848982728050177, -0.000848982728050177, 0.005747126436781609)
(-1, -1, 0.000853861937948534, 0.000853861937948534, 0.005714285714285714)
(-1, 1, 0.000858741147826564, -0.000858741147826564, 0.005681818181818182)
(-1, -1, 0.000863620357684149, 0.000863620357684149, 0.005649717514124294)
(1, 1, 0.000868499567521175, -0.000868499567521175, 0.0056179775280898875)
