507.413914760408
(1, -1, 4.94521722515145e-6, 4.94521722515145e-6, 1.0)
(1, 1, 9.89043445018197e-6, -9.89043445018197e-6, 0.5)
(1, -1, 0.0000148356516749706, 0.0000148356516749706, 0.3333333333333333)
(1, 1, 0.0000197808688993964, -0.0000197808688993964, 0.25)
(1, -1, 0.0000247260861233385, 0.0000247260861233385, 0.2)
(1, 1, 0.0000296713033466759, -0.0000296713033466759, 0.16666666666666666)
(-1, -1, 0.0000346165205692877, 0.0000346165205692877, 0.14285714285714285)
(1, 1, 0.0000395617377910530, -0.0000395617377910530, 0.125)
(1, -1, 0.0000445069550118507, 0.0000445069550118507, 0.1111111111111111)
(1, 1, 0.0000494521722315600, -0.0000494521722315600, 0.1)
(1, -1, 0.0000543973894500600, 0.0000543973894500600, 0.09090909090909091)
(1, 1, 0.0000593426066672297, -0.0000593426066672297, 0.08333333333333333)
(-1, -1, 0.0000642878238829481, 0.0000642878238829481, 0.07692307692307693)
(-1, 1, 0.0000692330410970944, -0.0000692330410970944, 0.07142857142857142)
(1, -1, 0.0000741782583095475, 0.0000741782583095475, 0.06666666666666667)
(1, 1, 0.0000791234755201866, -0.0000791234755201866, 0.0625)
(-1, -1, 0.0000840686927288908, 0.0000840686927288908, 0.058823529411764705)
(1, 1, 0.0000890139099355390, -0.0000890139099355390, 0.05555555555555555)
(1, -1, 0.0000939591271400104, 0.0000939591271400104, 0.05263157894736842)
(1, 1, 0.0000989043443421839, -0.0000989043443421839, 0.05)
(-1, -1, 0.000103849561541939, 0.000103849561541939, 0.047619047619047616)
(1, 1, 0.000108794778739154, -0.000108794778739154, 0.045454545454545456)
(1, -1, 0.000113739995933709, 0.000113739995933709, 0.043478260869565216)
(1, 1, 0.000118685213125482, -0.000118685213125482, 0.041666666666666664)
(1, -1, 0.000123630430314352, 0.000123630430314352, 0.04)
(-1, 1, 0.000128575647500200, -0.000128575647500200, 0.038461538461538464)
(1, -1, 0.000133520864682902, 0.000133520864682902, 0.037037037037037035)
(-1, 1, 0.000138466081862340, -0.000138466081862340, 0.03571428571428571)
(1, -1, 0.000143411299038391, 0.000143411299038391, 0.034482758620689655)
(1, 1, 0.000148356516210936, -0.000148356516210936, 0.03333333333333333)
(1, -1, 0.000153301733379852, 0.000153301733379852, 0.03225806451612903)
(1, 1, 0.000158246950545019, -0.000158246950545019, 0.03125)
(1, -1, 0.000163192167706316, 0.000163192167706316, 0.030303030303030304)
(-1, 1, 0.000168137384863622, -0.000168137384863622, 0.029411764705882353)
(-1, -1, 0.000173082602016817, 0.000173082602016817, 0.02857142857142857)
(1, 1, 0.000178027819165778, -0.000178027819165778, 0.027777777777777776)
(1, -1, 0.000182973036310386, 0.000182973036310386, 0.02702702702702703)
(1, 1, 0.000187918253450520, -0.000187918253450520, 0.02631578947368421)
(-1, -1, 0.000192863470586057, 0.000192863470586057, 0.02564102564102564)
(1, 1, 0.000197808687716879, -0.000197808687716879, 0.025)
(1, -1, 0.000202753904842863, 0.000202753904842863, 0.024390243902439025)
(-1, 1, 0.000207699121963888, -0.000207699121963888, 0.023809523809523808)
(-1, -1, 0.000212644339079834, 0.000212644339079834, 0.023255813953488372)
(1, 1, 0.000217589556190580, -0.000217589556190580, 0.022727272727272728)
(1, -1, 0.000222534773296005, 0.000222534773296005, 0.022222222222222223)
(1, 1, 0.000227479990395987, -0.000227479990395987, 0.021739130434782608)
(-1, -1, 0.000232425207490407, 0.000232425207490407, 0.02127659574468085)
(1, 1, 0.000237370424579142, -0.000237370424579142, 0.020833333333333332)
(1, -1, 0.000242315641662073, 0.000242315641662073, 0.02040816326530612)
(1, 1, 0.000247260858739077, -0.000247260858739077, 0.02)
(-1, -1, 0.000252206075810035, 0.000252206075810035, 0.0196078431372549)
(-1, 1, 0.000257151292874825, -0.000257151292874825, 0.019230769230769232)
(-1, -1, 0.000262096509933327, 0.000262096509933327, 0.018867924528301886)
(1, 1, 0.000267041726985419, -0.000267041726985419, 0.018518518518518517)
(1, -1, 0.000271986944030980, 0.000271986944030980, 0.01818181818181818)
(-1, 1, 0.000276932161069890, -0.000276932161069890, 0.017857142857142856)
(1, -1, 0.000281877378102027, 0.000281877378102027, 0.017543859649122806)
(1, 1, 0.000286822595127271, -0.000286822595127271, 0.017241379310344827)
(-1, -1, 0.000291767812145501, 0.000291767812145501, 0.01694915254237288)
(1, 1, 0.000296713029156595, -0.000296713029156595, 0.016666666666666666)
(1, -1, 0.000301658246160434, 0.000301658246160434, 0.01639344262295082)
(1, 1, 0.000306603463156895, -0.000306603463156895, 0.016129032258064516)
(-1, -1, 0.000311548680145858, 0.000311548680145858, 0.015873015873015872)
(1, 1, 0.000316493897127202, -0.000316493897127202, 0.015625)
(-1, -1, 0.000321439114100806, 0.000321439114100806, 0.015384615384615385)
(1, 1, 0.000326384331066550, -0.000326384331066550, 0.015151515151515152)
(1, -1, 0.000331329548024311, 0.000331329548024311, 0.014925373134328358)
(-1, 1, 0.000336274764973970, -0.000336274764973970, 0.014705882352941176)
(1, -1, 0.000341219981915406, 0.000341219981915406, 0.014492753623188406)
(-1, 1, 0.000346165198848496, -0.000346165198848496, 0.014285714285714285)
(1, -1, 0.000351110415773121, 0.000351110415773121, 0.014084507042253521)
(1, 1, 0.000356055632689160, -0.000356055632689160, 0.013888888888888888)
(-1, -1, 0.000361000849596491, 0.000361000849596491, 0.0136986301369863)
(1, 1, 0.000365946066494994, -0.000365946066494994, 0.013513513513513514)
(1, -1, 0.000370891283384548, 0.000370891283384548, 0.013333333333333334)
(1, 1, 0.000375836500265031, -0.000375836500265031, 0.013157894736842105)
(-1, -1, 0.000380781717136324, 0.000380781717136324, 0.012987012987012988)
(-1, 1, 0.000385726933998304, -0.000385726933998304, 0.01282051282051282)
(-1, -1, 0.000390672150850851, 0.000390672150850851, 0.012658227848101266)
(1, 1, 0.000395617367693844, -0.000395617367693844, 0.0125)
(1, -1, 0.000400562584527163, 0.000400562584527163, 0.012345679012345678)
(1, 1, 0.000405507801350685, -0.000405507801350685, 0.012195121951219513)
(1, -1, 0.000410453018164291, 0.000410453018164291, 0.012048192771084338)
(-1, 1, 0.000415398234967859, -0.000415398234967859, 0.011904761904761904)
(-1, -1, 0.000420343451761268, 0.000420343451761268, 0.011764705882352941)
(-1, 1, 0.000425288668544398, -0.000425288668544398, 0.011627906976744186)
(1, -1, 0.000430233885317128, 0.000430233885317128, 0.011494252873563218)
(1, 1, 0.000435179102079335, -0.000435179102079335, 0.011363636363636364)
(-1, -1, 0.000440124318830901, 0.000440124318830901, 0.011235955056179775)
(1, 1, 0.000445069535571703, -0.000445069535571703, 0.011111111111111112)
(1, -1, 0.000450014752301621, 0.000450014752301621, 0.01098901098901099)
(1, 1, 0.000454959969020534, -0.000454959969020534, 0.010869565217391304)
(1, -1, 0.000459905185728320, 0.000459905185728320, 0.010752688172043012)
(-1, 1, 0.000464850402424860, -0.000464850402424860, 0.010638297872340425)
(1, -1, 0.000469795619110032, 0.000469795619110032, 0.010526315789473684)
(1, 1, 0.000474740835783714, -0.000474740835783714, 0.010416666666666666)
(-1, -1, 0.000479686052445787, 0.000479686052445787, 0.010309278350515464)
(1, 1, 0.000484631269096129, -0.000484631269096129, 0.01020408163265306)
(1, -1, 0.000489576485734619, 0.000489576485734619, 0.010101010101010102)
(1, 1, 0.000494521702361137, -0.000494521702361137, 0.01)
(-1, -1, 0.000499466918975561, 0.000499466918975561, 0.009900990099009901)
(-1, 1, 0.000504412135577770, -0.000504412135577770, 0.00980392156862745)
(1, -1, 0.000509357352167644, 0.000509357352167644, 0.009708737864077669)
(-1, 1, 0.000514302568745061, -0.000514302568745061, 0.009615384615384616)
(-1, -1, 0.000519247785309902, 0.000519247785309902, 0.009523809523809525)
(-1, 1, 0.000524193001862043, -0.000524193001862043, 0.009433962264150943)
(1, -1, 0.000529138218401366, 0.000529138218401366, 0.009345794392523364)
(1, 1, 0.000534083434927749, -0.000534083434927749, 0.009259259259259259)
(1, -1, 0.000539028651441070, 0.000539028651441070, 0.009174311926605505)
(1, 1, 0.000543973867941209, -0.000543973867941209, 0.00909090909090909)
(1, -1, 0.000548919084428045, 0.000548919084428045, 0.009009009009009009)
(-1, 1, 0.000553864300901458, -0.000553864300901458, 0.008928571428571428)
(1, -1, 0.000558809517361325, 0.000558809517361325, 0.008849557522123894)
(1, 1, 0.000563754733807527, -0.000563754733807527, 0.008771929824561403)
(1, -1, 0.000568699950239942, 0.000568699950239942, 0.008695652173913044)
(1, 1, 0.000573645166658449, -0.000573645166658449, 0.008620689655172414)
(-1, -1, 0.000578590383062928, 0.000578590383062928, 0.008547008547008548)
(-1, 1, 0.000583535599453257, -0.000583535599453257, 0.00847457627118644)
(1, -1, 0.000588480815829316, 0.000588480815829316, 0.008403361344537815)
(1, 1, 0.000593426032190984, -0.000593426032190984, 0.008333333333333333)
(1, -1, 0.000598371248538139, 0.000598371248538139, 0.008264462809917356)
(1, 1, 0.000603316464870661, -0.000603316464870661, 0.00819672131147541)
(1, -1, 0.000608261681188428, 0.000608261681188428, 0.008130081300813009)
(1, 1, 0.000613206897491321, -0.000613206897491321, 0.008064516129032258)
(1, -1, 0.000618152113779217, 0.000618152113779217, 0.008)
(-1, 1, 0.000623097330051996, -0.000623097330051996, 0.007936507936507936)
(-1, -1, 0.000628042546309538, 0.000628042546309538, 0.007874015748031496)
(1, 1, 0.000632987762551720, -0.000632987762551720, 0.0078125)
(-1, -1, 0.000637932978778423, 0.000637932978778423, 0.007751937984496124)
(-1, 1, 0.000642878194989525, -0.000642878194989525, 0.007692307692307693)
(-1, -1, 0.000647823411184905, 0.000647823411184905, 0.007633587786259542)
(1, 1, 0.000652768627364443, -0.000652768627364443, 0.007575757575757576)
(-1, -1, 0.000657713843528017, 0.000657713843528017, 0.007518796992481203)
(1, 1, 0.000662659059675506, -0.000662659059675506, 0.007462686567164179)
(1, -1, 0.000667604275806790, 0.000667604275806790, 0.007407407407407408)
(-1, 1, 0.000672549491921748, -0.000672549491921748, 0.007352941176470588)
(-1, -1, 0.000677494708020258, 0.000677494708020258, 0.0072992700729927005)
(1, 1, 0.000682439924102200, -0.000682439924102200, 0.007246376811594203)
(-1, -1, 0.000687385140167453, 0.000687385140167453, 0.007194244604316547)
(-1, 1, 0.000692330356215896, -0.000692330356215896, 0.007142857142857143)
(-1, -1, 0.000697275572247408, 0.000697275572247408, 0.0070921985815602835)
(1, 1, 0.000702220788261868, -0.000702220788261868, 0.007042253521126761)
(-1, -1, 0.000707166004259154, 0.000707166004259154, 0.006993006993006993)
(1, 1, 0.000712111220239147, -0.000712111220239147, 0.006944444444444444)
(1, -1, 0.000717056436201725, 0.000717056436201725, 0.006896551724137931)
(-1, 1, 0.000722001652146768, -0.000722001652146768, 0.00684931506849315)
(1, -1, 0.000726946868074154, 0.000726946868074154, 0.006802721088435374)
(1, 1, 0.000731892083983762, -0.000731892083983762, 0.006756756756756757)
(-1, -1, 0.000736837299875471, 0.000736837299875471, 0.006711409395973154)
(1, 1, 0.000741782515749161, -0.000741782515749161, 0.006666666666666667)
(-1, -1, 0.000746727731604711, 0.000746727731604711, 0.006622516556291391)
(1, 1, 0.000751672947441999, -0.000751672947441999, 0.006578947368421052)
(-1, -1, 0.000756618163260905, 0.000756618163260905, 0.006535947712418301)
(-1, 1, 0.000761563379061308, -0.000761563379061308, 0.006493506493506494)
(1, -1, 0.000766508594843087, 0.000766508594843087, 0.0064516129032258064)
(-1, 1, 0.000771453810606120, -0.000771453810606120, 0.00641025641025641)
(1, -1, 0.000776399026350288, 0.000776399026350288, 0.006369426751592357)
(-1, 1, 0.000781344242075468, -0.000781344242075468, 0.006329113924050633)
(-1, -1, 0.000786289457781541, 0.000786289457781541, 0.006289308176100629)
(1, 1, 0.000791234673468385, -0.000791234673468385, 0.00625)
(-1, -1, 0.000796179889135879, 0.000796179889135879, 0.006211180124223602)
(1, 1, 0.000801125104783902, -0.000801125104783902, 0.006172839506172839)
(1, -1, 0.000806070320412334, 0.000806070320412334, 0.006134969325153374)
(1, 1, 0.000811015536021053, -0.000811015536021053, 0.006097560975609756)
(1, -1, 0.000815960751609938, 0.000815960751609938, 0.006060606060606061)
(1, 1, 0.000820905967178869, -0.000820905967178869, 0.006024096385542169)
(-1, -1, 0.000825851182727725, 0.000825851182727725, 0.005988023952095809)
(-1, 1, 0.000830796398256384, -0.000830796398256384, 0.005952380952380952)
(1, -1, 0.000835741613764726, 0.000835741613764726, 0.005917159763313609)
(-1, 1, 0.000840686829252630, -0.000840686829252630, 0.0058823529411764705)
(1, -1, 0.000845632044719975, 0.000845632044719975, 0.005847953216374269)
(-1, 1, 0.000850577260166639, -0.000850577260166639, 0.005813953488372093)
(1, -1, 0.000855522475592503, 0.000855522475592503, 0.005780346820809248)
(1, 1, 0.000860467690997445, -0.000860467690997445, 0.005747126436781609)
(-1, -1, 0.000865412906381343, 0.000865412906381343, 0.005714285714285714)
(1, 1, 0.000870358121744078, -0.000870358121744078, 0.005681818181818182)
(-1, -1, 0.000875303337085528, 0.000875303337085528, 0.005649717514124294)
(-1, 1, 0.000880248552405573, -0.000880248552405573, 0.0056179775280898875)
