509.109970589205
(1, -1, 4.91232298189016e-6, 0.0000491232297993427, 1.0)
(-1, 1, 9.82464596366178e-6, 0.0000982464594801465, 0.5)
(-1, -1, 0.0000147369689451963, 0.000147369688923873, 0.3333333333333333)
(1, 1, 0.0000196492919263752, 0.000196492918011982, 0.25)
(-1, -1, 0.0000245616149070800, 0.000245616146625936, 0.2)
(1, 1, 0.0000294739378871921, 0.000294739374647196, 0.16666666666666666)
(-1, -1, 0.0000343862608665929, 0.000343862601957223, 0.14285714285714285)
(-1, 1, 0.0000392985838451640, 0.000392985828437477, 0.125)
(1, -1, 0.0000442109068227868, 0.000442109053969421, 0.1111111111111111)
(1, 1, 0.0000491232297993427, 0.000491232278434515, 0.1)
(1, -1, 0.0000540355527747132, 0.000540355501714221, 0.09090909090909091)
(-1, 1, 0.0000589478757487798, 0.000589478723689999, 0.08333333333333333)
(-1, -1, 0.0000638601987214239, 0.000638601944243311, 0.07692307692307693)
(1, 1, 0.0000687725216925270, 0.000687725163255618, 0.07142857142857142)
(1, -1, 0.0000736848446619706, 0.000736848380608381, 0.06666666666666667)
(1, 1, 0.0000785971676296361, 0.000785971596183061, 0.0625)
(-1, -1, 0.0000835094905954050, 0.000835094809861120, 0.058823529411764705)
(-1, 1, 0.0000884218135591587, 0.000884218021524018, 0.05555555555555555)
(-1, -1, 0.0000933341365207787, 0.000933341231053218, 0.05263157894736842)
(-1, 1, 0.0000982464594801465, 0.000982464438330179, 0.05)
(1, -1, 0.000103158782437143, 0.00103158764323636, 0.047619047619047616)
(-1, 1, 0.000108071105391651, 0.00108071084565323, 0.045454545454545456)
(1, -1, 0.000112983428343551, 0.00112983404546225, 0.043478260869565216)
(1, 1, 0.000117895751292724, 0.00117895724254487, 0.041666666666666664)
(1, -1, 0.000122808074239053, 0.00122808043678256, 0.04)
(1, 1, 0.000127720397182418, 0.00127720362805678, 0.038461538461538464)
(-1, -1, 0.000132632720122701, 0.00132632681624899, 0.037037037037037035)
(-1, 1, 0.000137545043059783, 0.00137545000124065, 0.03571428571428571)
(1, -1, 0.000142457365993547, 0.00142457318291322, 0.034482758620689655)
(-1, 1, 0.000147369688923873, 0.00147369636114817, 0.03333333333333333)
(-1, -1, 0.000152282011850642, 0.00152281953582695, 0.03225806451612903)
(-1, 1, 0.000157194334773737, 0.00157194270683103, 0.03125)
(-1, -1, 0.000162106657693039, 0.00162106587404187, 0.030303030303030304)
(1, 1, 0.000167018980608429, 0.00167018903734093, 0.029411764705882353)
(1, -1, 0.000171931303519788, 0.00171931219660967, 0.02857142857142857)
(1, 1, 0.000176843626426999, 0.00176843535172955, 0.027777777777777776)
(1, -1, 0.000181755949329942, 0.00181755850258203, 0.02702702702702703)
(1, 1, 0.000186668272228499, 0.00186668164904858, 0.02631578947368421)
(1, -1, 0.000191580595122552, 0.00191580479101066, 0.02564102564102564)
(1, 1, 0.000196492918011982, 0.00196492792834972, 0.025)
(-1, -1, 0.000201405240896670, 0.00201405106094723, 0.024390243902439025)
(-1, 1, 0.000206317563776499, 0.00206317418868465, 0.023809523809523808)
(-1, -1, 0.000211229886651348, 0.00211229731144344, 0.023255813953488372)
(1, 1, 0.000216142209521101, 0.00216142042910507, 0.022727272727272728)
(-1, -1, 0.000221054532385637, 0.00221054354155099, 0.022222222222222223)
(-1, 1, 0.000225966855244840, 0.00225966664866266, 0.021739130434782608)
(1, -1, 0.000230879178098589, 0.00230878975032155, 0.02127659574468085)
(-1, 1, 0.000235791500946768, 0.00235791284640913, 0.020833333333333332)
(1, -1, 0.000240703823789256, 0.00240703593680684, 0.02040816326530612)
(-1, 1, 0.000245616146625936, 0.00245615902139615, 0.02)
(1, -1, 0.000250528469456689, 0.00250528210005852, 0.0196078431372549)
(-1, 1, 0.000255440792281397, 0.00255440517267542, 0.019230769230769232)
(-1, -1, 0.000260353115099941, 0.00260352823912831, 0.018867924528301886)
(1, 1, 0.000265265437912202, 0.00265265129929864, 0.018518518518518517)
(-1, -1, 0.000270177760718062, 0.00270177435306789, 0.01818181818181818)
(1, 1, 0.000275090083517402, 0.00275089740031750, 0.017857142857142856)
(1, -1, 0.000280002406310104, 0.00280002044092895, 0.017543859649122806)
(-1, 1, 0.000284914729096049, 0.00284914347478369, 0.017241379310344827)
(-1, -1, 0.000289827051875120, 0.00289826650176318, 0.01694915254237288)
(1, 1, 0.000294739374647196, 0.00294738952174889, 0.016666666666666666)
(1, -1, 0.000299651697412160, 0.00299651253462229, 0.01639344262295082)
(1, 1, 0.000304564020169893, 0.00304563554026482, 0.016129032258064516)
(-1, -1, 0.000309476342920277, 0.00309475853855795, 0.015873015873015872)
(1, 1, 0.000314388665663193, 0.00314388152938315, 0.015625)
(1, -1, 0.000319300988398522, 0.00319300451262187, 0.015384615384615385)
(1, 1, 0.000324213311126146, 0.00324212748815558, 0.015151515151515152)
(-1, -1, 0.000329125633845947, 0.00329125045586574, 0.014925373134328358)
(-1, 1, 0.000334037956557806, 0.00334037341563381, 0.014705882352941176)
(-1, -1, 0.000338950279261604, 0.00338949636734126, 0.014492753623188406)
(-1, 1, 0.000343862601957223, 0.00343861931086953, 0.014285714285714285)
(1, -1, 0.000348774924644544, 0.00348774224610011, 0.014084507042253521)
(-1, 1, 0.000353687247323449, 0.00353686517291444, 0.013888888888888888)
(-1, -1, 0.000358599569993819, 0.00358598809119399, 0.0136986301369863)
(-1, 1, 0.000363511892655535, 0.00363511100082022, 0.013513513513513514)
(-1, -1, 0.000368424215308480, 0.00368423390167460, 0.013333333333333334)
(-1, 1, 0.000373336537952535, 0.00373335679363858, 0.013157894736842105)
(-1, -1, 0.000378248860587580, 0.00378247967659364, 0.012987012987012988)
(-1, 1, 0.000383161183213498, 0.00383160255042122, 0.01282051282051282)
(-1, -1, 0.000388073505830170, 0.00388072541500279, 0.012658227848101266)
(-1, 1, 0.000392985828437477, 0.00392984827021981, 0.0125)
(1, -1, 0.000397898151035302, 0.00397897111595375, 0.012345679012345678)
(1, 1, 0.000402810473623524, 0.00402809395208607, 0.012195121951219513)
(-1, -1, 0.000407722796202027, 0.00407721677849823, 0.012048192771084338)
(1, 1, 0.000412635118770690, 0.00412633959507169, 0.011904761904761904)
(1, -1, 0.000417547441329397, 0.00417546240168792, 0.011764705882352941)
(1, 1, 0.000422459763878027, 0.00422458519822837, 0.011627906976744186)
(-1, -1, 0.000427372086416464, 0.00427370798457451, 0.011494252873563218)
(-1, 1, 0.000432284408944587, 0.00432283076060780, 0.011363636363636364)
(1, -1, 0.000437196731462279, 0.00437195352620971, 0.011235955056179775)
(1, 1, 0.000442109053969421, 0.00442107628126169, 0.011111111111111112)
(1, -1, 0.000447021376465895, 0.00447019902564520, 0.01098901098901099)
(1, 1, 0.000451933698951581, 0.00451932175924172, 0.010869565217391304)
(1, -1, 0.000456846021426362, 0.00456844448193270, 0.010752688172043012)
(-1, 1, 0.000461758343890119, 0.00461756719359960, 0.010638297872340425)
(1, -1, 0.000466670666342733, 0.00466668989412389, 0.010526315789473684)
(1, 1, 0.000471582988784086, 0.00471581258338703, 0.010416666666666666)
(1, -1, 0.000476495311214059, 0.00476493526127048, 0.010309278350515464)
(-1, 1, 0.000481407633632534, 0.00481405792765570, 0.01020408163265306)
(1, -1, 0.000486319956039392, 0.00486318058242417, 0.010101010101010102)
(1, 1, 0.000491232278434515, 0.00491230322545733, 0.01)
(1, -1, 0.000496144600817784, 0.00496142585663665, 0.009900990099009901)
(-1, 1, 0.000501056923189081, 0.00501054847584360, 0.00980392156862745)
(-1, -1, 0.000505969245548286, 0.00505967108295963, 0.009708737864077669)
(1, 1, 0.000510881567895282, 0.00510879367786622, 0.009615384615384616)
(-1, -1, 0.000515793890229950, 0.00515791626044481, 0.009523809523809525)
(1, 1, 0.000520706212552172, 0.00520703883057688, 0.009433962264150943)
(1, -1, 0.000525618534861828, 0.00525616138814389, 0.009345794392523364)
(-1, 1, 0.000530530857158801, 0.00530528393302730, 0.009259259259259259)
(-1, -1, 0.000535443179442971, 0.00535440646510858, 0.009174311926605505)
(1, 1, 0.000540355501714221, 0.00540352898426918, 0.00909090909090909)
(-1, -1, 0.000545267823972431, 0.00545265149039056, 0.009009009009009009)
(-1, 1, 0.000550180146217484, 0.00550177398335420, 0.008928571428571428)
(-1, -1, 0.000555092468449260, 0.00555089646304156, 0.008849557522123894)
(-1, 1, 0.000560004790667642, 0.00560001892933409, 0.008771929824561403)
(-1, -1, 0.000564917112872510, 0.00564914138211327, 0.008695652173913044)
(1, 1, 0.000569829435063746, 0.00569826382126054, 0.008620689655172414)
(-1, -1, 0.000574741757241231, 0.00574738624665739, 0.008547008547008548)
(1, 1, 0.000579654079404847, 0.00579650865818526, 0.00847457627118644)
(1, -1, 0.000584566401554476, 0.00584563105572563, 0.008403361344537815)
(-1, 1, 0.000589478723689999, 0.00589475343915995, 0.008333333333333333)
(1, -1, 0.000594391045811297, 0.00594387580836969, 0.008264462809917356)
(-1, 1, 0.000599303367918252, 0.00599299816323632, 0.00819672131147541)
(1, -1, 0.000604215690010745, 0.00604212050364129, 0.008130081300813009)
(-1, 1, 0.000609128012088658, 0.00609124282946607, 0.008064516129032258)
(-1, -1, 0.000614040334151872, 0.00614036514059212, 0.008)
(1, 1, 0.000618952656200269, 0.00618948743690091, 0.007936507936507936)
(1, -1, 0.000623864978233729, 0.00623860971827390, 0.007874015748031496)
(-1, 1, 0.000628777300252136, 0.00628773198459255, 0.0078125)
(1, -1, 0.000633689622255369, 0.00633685423573833, 0.007751937984496124)
(-1, 1, 0.000638601944243311, 0.00638597647159269, 0.007692307692307693)
(-1, -1, 0.000643514266215843, 0.00643509869203711, 0.007633587786259542)
(-1, 1, 0.000648426588172846, 0.00648422089695305, 0.007575757575757576)
(1, -1, 0.000653338910114202, 0.00653334308622196, 0.007518796992481203)
(1, 1, 0.000658251232039793, 0.00658246525972532, 0.007462686567164179)
(1, -1, 0.000663163553949499, 0.00663158741734459, 0.007407407407407408)
(1, 1, 0.000668075875843202, 0.00668070955896123, 0.007352941176470588)
(1, -1, 0.000672988197720784, 0.00672983168445670, 0.0072992700729927005)
(1, 1, 0.000677900519582127, 0.00677895379371248, 0.007246376811594203)
(-1, -1, 0.000682812841427111, 0.00682807588661001, 0.007194244604316547)
(1, 1, 0.000687725163255618, 0.00687719796303078, 0.007142857142857143)
(-1, -1, 0.000692637485067530, 0.00692632002285623, 0.0070921985815602835)
(-1, 1, 0.000697549806862727, 0.00697544206596784, 0.007042253521126761)
(-1, -1, 0.000702462128641093, 0.00702456409224706, 0.006993006993006993)
(1, 1, 0.000707374450402507, 0.00707368610157537, 0.006944444444444444)
(-1, -1, 0.000712286772146851, 0.00712280809383423, 0.006896551724137931)
(1, 1, 0.000717199093874008, 0.00717193006890510, 0.00684931506849315)
(-1, -1, 0.000722111415583857, 0.00722105202666944, 0.006802721088435374)
(1, 1, 0.000727023737276282, 0.00727017396700872, 0.006756756756756757)
(1, -1, 0.000731936058951163, 0.00731929588980440, 0.006711409395973154)
(1, 1, 0.000736848380608381, 0.00736841779493796, 0.006666666666666667)
(-1, -1, 0.000741760702247819, 0.00741753968229084, 0.006622516556291391)
(1, 1, 0.000746673023869357, 0.00746666155174452, 0.006578947368421052)
(-1, -1, 0.000751585345472877, 0.00751578340318046, 0.006535947712418301)
(1, 1, 0.000756497667058261, 0.00756490523648013, 0.006493506493506494)
(1, -1, 0.000761409988625390, 0.00761402705152499, 0.0064516129032258064)
(1, 1, 0.000766322310174146, 0.00766314884819650, 0.00641025641025641)
(-1, -1, 0.000771234631704409, 0.00771227062637613, 0.006369426751592357)
(1, 1, 0.000776146953216062, 0.00776139238594534, 0.006329113924050633)
(1, -1, 0.000781059274708985, 0.00781051412678561, 0.006289308176100629)
(1, 1, 0.000785971596183061, 0.00785963584877838, 0.00625)
(-1, -1, 0.000790883917638171, 0.00790875755180514, 0.006211180124223602)
(-1, 1, 0.000795796239074196, 0.00795787923574733, 0.006172839506172839)
(1, -1, 0.000800708560491018, 0.00800700090048644, 0.006134969325153374)
(-1, 1, 0.000805620881888518, 0.00805612254590391, 0.006097560975609756)
(1, -1, 0.000810533203266577, 0.00810524417188123, 0.006060606060606061)
(1, 1, 0.000815445524625078, 0.00815436577829984, 0.006024096385542169)
(-1, -1, 0.000820357845963901, 0.00820348736504123, 0.005988023952095809)
(-1, 1, 0.000825270167282928, 0.00825260893198685, 0.005952380952380952)
(1, -1, 0.000830182488582041, 0.00830173047901816, 0.005917159763313609)
(-1, 1, 0.000835094809861120, 0.00835085200601664, 0.0058823529411764705)
(-1, -1, 0.000840007131120048, 0.00839997351286375, 0.005847953216374269)
(-1, 1, 0.000844919452358706, 0.00844909499944094, 0.005813953488372093)
(-1, -1, 0.000849831773576975, 0.00849821646562970, 0.005780346820809248)
(1, 1, 0.000854744094774737, 0.00854733791131148, 0.005747126436781609)
(-1, -1, 0.000859656415951873, 0.00859645933636776, 0.005714285714285714)
(1, 1, 0.000864568737108265, 0.00864558074067999, 0.005681818181818182)
(1, -1, 0.000869481058243794, 0.00869470212412963, 0.005649717514124294)
(-1, 1, 0.000874393379358342, 0.00874382348659817, 0.0056179775280898875)
