463.864337619253
(1, -1, 5.91736214463716e-6, 0.0627892202784321, 1.0)
(1, 1, 0.0000118347242890671, 0.125330650455010, 0.5)
(-1, -1, 0.0000177520864330827, 0.187377478301696, 0.3333333333333333)
(1, 1, 0.0000236694485764767, 0.248684843479031, 0.25)
(1, -1, 0.0000295868107190419, 0.309010803847992, 0.2)
(-1, 1, 0.0000355041728605710, 0.368117290265530, 0.16666666666666666)
(1, -1, 0.0000414215350008571, 0.425771046095798, 0.14285714285714285)
(1, 1, 0.0000473388971396927, 0.481744547729392, 0.125)
(1, -1, 0.0000532562592768707, 0.535816902477893, 0.1111111111111111)
(1, 1, 0.0000591736214121840, 0.587774720300285, 0.1)
(1, -1, 0.0000650909835454253, 0.637412955921069, 0.09090909090909091)
(-1, 1, 0.0000710083456763874, 0.684535718016768, 0.08333333333333333)
(1, -1, 0.0000769257078048632, 0.728957042277466, 0.07692307692307693)
(1, 1, 0.0000828430699306454, 0.770501625292572, 0.07142857142857142)
(-1, -1, 0.0000887604320535268, 0.809005516364639, 0.06666666666666667)
(1, 1, 0.0000946777941733003, 0.844316764521061, 0.0625)
(1, -1, 0.000100595156289759, 0.876296018170298, 0.058823529411764705)
(1, 1, 0.000106512518402695, 0.904817075036166, 0.05555555555555555)
(1, -1, 0.000112429880511901, 0.929767380199931, 0.05263157894736842)
(1, 1, 0.000118347242617171, 0.951048470284753, 0.05)
(-1, -1, 0.000124264604718296, 0.968576362029550, 0.047619047619047616)
(1, 1, 0.000130181966815071, 0.982281883718836, 0.045454545454545456)
(-1, -1, 0.000136099328907287, 0.992110948160569, 0.043478260869565216)
(-1, 1, 0.000142016690994738, 0.998024766134747, 0.041666666666666664)
(1, -1, 0.000147934053077216, 0.999999999470396, 0.04)
(1, 1, 0.000153851415154514, 0.998028853146853, 0.038461538461538464)
(-1, -1, 0.000159768777226424, 0.992119106055880, 0.037037037037037035)
(1, 1, 0.000165686139292741, 0.982294080303199, 0.03571428571428571)
(-1, -1, 0.000171603501353256, 0.968592549170613, 0.034482758620689655)
(-1, 1, 0.000177520863407762, 0.951068584101912, 0.03333333333333333)
(-1, -1, 0.000183438225456052, 0.929791341316427, 0.03225806451612903)
(1, 1, 0.000189355587497920, 0.904844788892336, 0.03125)
(-1, -1, 0.000195272949533157, 0.876327375396744, 0.030303030303030304)
(1, 1, 0.000201190311561556, 0.844351641370262, 0.029411764705882353)
(1, -1, 0.000207107673582911, 0.809043775199307, 0.02857142857142857)
(1, 1, 0.000213025035597013, 0.770543115128819, 0.027777777777777776)
(-1, -1, 0.000218942397603657, 0.729001599380647, 0.02702702702702703)
(1, 1, 0.000224859759602634, 0.684583166547638, 0.02631578947368421)
(-1, -1, 0.000230777121593738, 0.637463108629709, 0.02564102564102564)
(1, 1, 0.000236694483576761, 0.587827379265067, 0.025)
(1, -1, 0.000242611845551497, 0.535871859886549, 0.024390243902439025)
(-1, 1, 0.000248529207517737, 0.481801586699122, 0.023809523809523808)
(1, -1, 0.000254446569475275, 0.425829941529172, 0.023255813953488372)
(1, 1, 0.000260363931423903, 0.368177809738808, 0.022727272727272728)
(1, -1, 0.000266281293363415, 0.309072708528355, 0.022222222222222223)
(-1, 1, 0.000272198655293602, 0.248747889067108, 0.021739130434782608)
(1, -1, 0.000278116017214259, 0.187441415995660, 0.02127659574468085)
(-1, 1, 0.000284033379125178, 0.125395227932446, 0.020833333333333332)
(1, -1, 0.000289950741026150, 0.0628541826920969, 0.02040816326530612)
(1, 1, 0.000295868102916971, 0.0000650909835454253, 0.02)
(-1, -1, 0.000301785464797431, -0.0627242575987396, 0.0196078431372549)
(1, 1, 0.000307702826667324, -0.125266072446568, 0.019230769230769232)
(1, -1, 0.000313620188526443, -0.187313539813845, 0.018867924528301886)
(-1, 1, 0.000319537550374581, -0.248621796837318, 0.018518518518518517)
(1, -1, 0.000325454912211530, -0.308948897858400, 0.01818181818181818)
(1, 1, 0.000331372274037083, -0.368056769232600, 0.017857142857142856)
(-1, -1, 0.000337289635851033, -0.425712148858502, 0.017543859649122806)
(-1, 1, 0.000343206997653173, -0.481687506718589, 0.017241379310344827)
(-1, -1, 0.000349124359443295, -0.535761942799069, 0.01694915254237288)
(-1, 1, 0.000355041721221193, -0.587722058845198, 0.016666666666666666)
(-1, -1, 0.000360959082986659, -0.637362800511814, 0.01639344262295082)
(-1, 1, 0.000366876444739485, -0.684488266585633, 0.016129032258064516)
(1, -1, 0.000372793806479466, -0.728912482085813, 0.015873015873015872)
(1, 1, 0.000378711168206393, -0.770460132191835, 0.015625)
(1, -1, 0.000384628529920059, -0.808967254102348, 0.015384615384615385)
(-1, 1, 0.000390545891620258, -0.844281884094628, 0.015151515151515152)
(1, -1, 0.000396463253306781, -0.876264657231129, 0.014925373134328358)
(1, 1, 0.000402380614979423, -0.904789357346434, 0.014705882352941176)
(1, -1, 0.000408297976637975, -0.929743415144163, 0.014492753623188406)
(1, 1, 0.000414215338282230, -0.951028352438157, 0.014285714285714285)
(1, -1, 0.000420132699911981, -0.968560170784787, 0.014084507042253521)
(1, 1, 0.000426050061527022, -0.982269682972705, 0.013888888888888888)
(1, -1, 0.000431967423127144, -0.992102786061847, 0.0136986301369863)
(-1, 1, 0.000437884784712141, -0.998020674894173, 0.013513513513513514)
(-1, -1, 0.000443802146281805, -0.999999995233559, 0.013333333333333334)
(1, 1, 0.000449719507835929, -0.998032935930474, 0.013157894736842105)
(1, -1, 0.000455636869374307, -0.992127259747745, 0.012987012987012988)
(-1, 1, 0.000461554230896730, -0.982306272725744, 0.01282051282051282)
(-1, -1, 0.000467471592402992, -0.968608732207909, 0.012658227848101266)
(1, 1, 0.000473388953892885, -0.951088693889550, 0.0125)
(1, -1, 0.000479306315366202, -0.929815298493550, 0.012345679012345678)
(1, 1, 0.000485223676822737, -0.904872498914827, 0.012195121951219513)
(1, -1, 0.000491141038262281, -0.876358728910334, 0.012048192771084338)
(-1, 1, 0.000497058399684628, -0.844386514642083, 0.011904761904761904)
(1, -1, 0.000502975761089570, -0.809082030606189, 0.011764705882352941)
(1, 1, 0.000508893122476900, -0.770584601700402, 0.011627906976744186)
(1, -1, 0.000514810483846412, -0.729046153395168, 0.011494252873563218)
(1, 1, 0.000520727845197897, -0.684630612178040, 0.011363636363636364)
(-1, -1, 0.000526645206531149, -0.637513258637522, 0.011235955056179775)
(1, 1, 0.000532562567845960, -0.587880035739320, 0.011111111111111112)
(1, -1, 0.000538479929142124, -0.535926815024803, 0.01098901098901099)
(-1, 1, 0.000544397290419432, -0.481858623627537, 0.010869565217391304)
(1, -1, 0.000550314651677679, -0.425888835158375, 0.010752688172043012)
(1, 1, 0.000556232012916656, -0.368238327652176, 0.010638297872340425)
(1, -1, 0.000562149374136156, -0.309134611899227, 0.010526315789473684)
(-1, 1, 0.000568066735335973, -0.248810933601281, 0.010416666666666666)
(-1, -1, 0.000573984096515899, -0.187505352895466, 0.010309278350515464)
(1, 1, 0.000579901457675726, -0.125459804878603, 0.01020408163265306)
(1, -1, 0.000585818818815248, -0.0629191448394588, 0.010101010101010102)
(1, 1, 0.000591736179934258, -0.000130181966815071, 0.01)
(-1, -1, 0.000597653541032548, 0.0626592946532948, 0.009900990099009901)
(-1, 1, 0.000603570902109911, 0.125201493907395, 0.00980392156862745)
(-1, -1, 0.000609488263166140, 0.187249600532376, 0.009708737864077669)
(1, 1, 0.000615405624201028, 0.248558749142234, 0.009615384615384616)
(-1, -1, 0.000621322985214367, 0.308886990559843, 0.009523809523809525)
(1, 1, 0.000627240346205950, 0.367996246640273, 0.009433962264150943)
(1, -1, 0.000633157707175570, 0.425653249817534, 0.009345794392523364)
(-1, 1, 0.000639075068123021, 0.481630463666956, 0.009259259259259259)
(1, -1, 0.000644992429048094, 0.535706980850310, 0.009174311926605505)
(1, 1, 0.000650909789950582, 0.587669394900029, 0.00909090909090909)
(1, -1, 0.000656827150830278, 0.637312642402158, 0.009009009009009009)
(1, 1, 0.000662744511686976, 0.684440812254434, 0.008928571428571428)
(-1, -1, 0.000668661872520468, 0.728867918805877, 0.008849557522123894)
(-1, 1, 0.000674579233330546, 0.770418635826785, 0.008771929824561403)
(-1, -1, 0.000680496594117004, 0.808928988412594, 0.008695652173913044)
(-1, 1, 0.000686413954879634, 0.844247000091111, 0.008620689655172414)
(1, -1, 0.000692331315618229, 0.876233292579371, 0.008547008547008548)
(-1, 1, 0.000698248676332582, 0.904761635823258, 0.00847457627118644)
(1, -1, 0.000704166037022486, 0.929719446149224, 0.008403361344537815)
(-1, 1, 0.000710083397687733, 0.951008230562210, 0.008333333333333333)
(1, -1, 0.000716000758328117, 0.968543975436394, 0.008264462809917356)
(-1, 1, 0.000721918118943430, 0.982257478064859, 0.00819672131147541)
(-1, -1, 0.000727835479533464, 0.992094619759747, 0.008130081300813009)
(-1, 1, 0.000733752840098014, 0.998016579425150, 0.008064516129032258)
(1, -1, 0.000739670200636871, 0.999999986759887, 0.008)
(1, 1, 0.000745587561149828, 0.998037014485594, 0.007936507936507936)
(1, -1, 0.000751504921636678, 0.992135409236129, 0.007874015748031496)
(1, 1, 0.000757422282097214, 0.982318460986417, 0.0078125)
(-1, -1, 0.000763339642531229, 0.968624911141368, 0.007751937984496124)
(1, 1, 0.000769257002938516, 0.951108799647580, 0.007692307692307693)
(-1, -1, 0.000775174363318866, 0.929839251731197, 0.007633587786259542)
(-1, 1, 0.000781091723672074, 0.904900205103522, 0.007575757575757576)
(1, -1, 0.000787009083997932, 0.876390078710936, 0.007518796992481203)
(1, 1, 0.000792926444296233, 0.844421384336378, 0.007462686567164179)
(-1, -1, 0.000798843804566769, 0.809120282585123, 0.007407407407407408)
(1, 1, 0.000804761164809333, 0.770626085007144, 0.007352941176470588)
(1, -1, 0.000810678525023719, 0.729090704320840, 0.0072992700729927005)
(1, 1, 0.000816595885209719, 0.684678054907775, 0.007246376811594203)
(1, -1, 0.000822513245367125, 0.637563405944297, 0.007194244604316547)
(1, 1, 0.000828430605495731, 0.587932689722822, 0.007142857142857143)
(-1, -1, 0.000834347965595329, 0.535981767892424, 0.0070921985815602835)
(1, 1, 0.000840265325665712, 0.481915658514397, 0.007042253521126761)
(1, -1, 0.000846182685706674, 0.425947726983156, 0.006993006993006993)
(1, 1, 0.000852100045718006, 0.368298844005379, 0.006944444444444444)
(-1, -1, 0.000858017405699502, 0.309196513960347, 0.006896551724137931)
(1, 1, 0.000863934765650954, 0.248873977081282, 0.00684931506849315)
(-1, -1, 0.000869852125572155, 0.187569289000842, 0.006802721088435374)
(-1, 1, 0.000875769485462898, 0.125524381293207, 0.006756756756756757)
(1, -1, 0.000881686845322976, 0.0629841067202427, 0.006711409395973154)
(-1, 1, 0.000887604205152182, 0.000195272949533157, 0.006666666666666667)
(1, -1, 0.000893521564950308, -0.0625943314423728, 0.006622516556291391)
(1, 1, 0.000899438924717147, -0.125136914837763, 0.006578947368421052)
(1, -1, 0.000905356284452492, -0.187185660457562, 0.006535947712418301)
(1, 1, 0.000911273644156136, -0.248495700394048, 0.006493506493506494)
(-1, -1, 0.000917191003827872, -0.308825081952583, 0.0064516129032258064)
(-1, 1, 0.000923108363467492, -0.367935722488807, 0.00641025641025641)
(-1, -1, 0.000929025723074789, -0.425594348973142, 0.006369426751592357)
(-1, 1, 0.000934943082649556, -0.481573418574733, 0.006329113924050633)
(-1, -1, 0.000940860442191586, -0.535652016631847, 0.006289308176100629)
(1, 1, 0.000946777801700671, -0.587616728465001, 0.00625)
(-1, -1, 0.000952695161176605, -0.637262481592313, 0.006211180124223602)
(1, 1, 0.000958612520619181, -0.684393355023370, 0.006172839506172839)
(1, -1, 0.000964529880028190, -0.728823352437848, 0.006134969325153374)
(1, 1, 0.000970447239403426, -0.770377136197598, 0.006097560975609756)
(-1, -1, 0.000976364598744681, -0.808890719295542, 0.006060606060606061)
(1, 1, 0.000982281958051749, -0.844212112510658, 0.006024096385542169)
(-1, -1, 0.000988199317324423, -0.876201924215156, 0.005988023952095809)
(-1, 1, 0.000994116676562494, -0.904733910466755, 0.005952380952380952)
(1, -1, 0.00100003403576576, -0.929695473215217, 0.005917159763313609)
(1, 1, 0.00100595139493400, -0.950988104656997, 0.0058823529411764705)
(1, -1, 0.00101186875406702, -0.968527775984438, 0.005847953216374269)
(1, 1, 0.00101778611316462, -0.982245268995348, 0.005813953488372093)
(-1, -1, 0.00102370347222657, -0.992086449254306, 0.005780346820809248)
