509.109970589205
(1, -1, 4.91232298189016e-6, 0.951054694689090, 1.0)
(-1, 1, 9.82464596366178e-6, 0.587794790218282, 0.5)
(-1, -1, 0.0000147369689451963, -0.587770945250576, 0.3333333333333333)
(1, 1, 0.0000196492919263752, -0.951063802388930, 0.25)
(-1, -1, 0.0000245616149070800, -0.0000294739378871921, 0.2)
(1, 1, 0.0000294739378871921, 0.951045586163056, 0.16666666666666666)
(-1, -1, 0.0000343862608665929, 0.587818634675363, 0.14285714285714285)
(-1, 1, 0.0000392985838451640, -0.587747099772265, 0.125)
(1, -1, 0.0000442109068227868, -0.951072909262569, 0.1111111111111111)
(1, 1, 0.0000491232297993427, -0.0000589478757487798, 0.1)
(1, -1, 0.0000540355527747132, 0.951036476810836, 0.09090909090909091)
(-1, 1, 0.0000589478757487798, 0.587842478621798, 0.08333333333333333)
(-1, -1, 0.0000638601987214239, -0.587723253783372, 0.07692307692307693)
(1, 1, 0.0000687725216925270, -0.951082015309998, 0.07142857142857142)
(1, -1, 0.0000736848446619706, -0.0000884218135591587, 0.06666666666666667)
(1, 1, 0.0000785971676296361, 0.951027366632439, 0.0625)
(-1, -1, 0.0000835094905954050, 0.587866322057567, 0.058823529411764705)
(-1, 1, 0.0000884218135591587, -0.587699407283915, 0.05555555555555555)
(-1, -1, 0.0000933341365207787, -0.951091120531211, 0.05263157894736842)
(-1, 1, 0.0000982464594801465, -0.000117895751292724, 0.05)
(1, -1, 0.000103158782437143, 0.951018255627871, 0.047619047619047616)
(-1, 1, 0.000108071105391651, 0.587890164982649, 0.045454545454545456)
(1, -1, 0.000112983428343551, -0.587675560273916, 0.043478260869565216)
(1, 1, 0.000117895751292724, -0.951100224926198, 0.041666666666666664)
(1, -1, 0.000122808074239053, -0.000147369688923873, 0.04)
(1, 1, 0.000127720397182418, 0.951009143797142, 0.038461538461538464)
(-1, -1, 0.000132632720122701, 0.587914007397023, 0.037037037037037035)
(-1, 1, 0.000137545043059783, -0.587651712753396, 0.03571428571428571)
(1, -1, 0.000142457365993547, -0.951109328494951, 0.034482758620689655)
(-1, 1, 0.000147369688923873, -0.000176843626426999, 0.03333333333333333)
(-1, -1, 0.000152282011850642, 0.951000031140259, 0.03225806451612903)
(-1, 1, 0.000157194334773737, 0.587937849300668, 0.03125)
(-1, -1, 0.000162106657693039, -0.587627864722375, 0.030303030303030304)
(1, 1, 0.000167018980608429, -0.951118431237464, 0.029411764705882353)
(1, -1, 0.000171931303519788, -0.000206317563776499, 0.02857142857142857)
(1, 1, 0.000176843626426999, 0.950990917657230, 0.027777777777777776)
(1, -1, 0.000181755949329942, 0.587961690693565, 0.02702702702702703)
(1, 1, 0.000186668272228499, -0.587604016180874, 0.02631578947368421)
(1, -1, 0.000191580595122552, -0.951127533153728, 0.02564102564102564)
(1, 1, 0.000196492918011982, -0.000235791500946768, 0.025)
(-1, -1, 0.000201405240896670, 0.950981803348062, 0.024390243902439025)
(-1, 1, 0.000206317563776499, 0.587985531575691, 0.023809523809523808)
(-1, -1, 0.000211229886651348, -0.587580167128914, 0.023255813953488372)
(1, 1, 0.000216142209521101, -0.951136634243735, 0.022727272727272728)
(-1, -1, 0.000221054532385637, -0.000265265437912202, 0.022222222222222223)
(-1, 1, 0.000225966855244840, 0.950972688212764, 0.021739130434782608)
(1, -1, 0.000230879178098589, 0.588009371947026, 0.02127659574468085)
(-1, 1, 0.000235791500946768, -0.587556317566515, 0.020833333333333332)
(1, -1, 0.000240703823789256, -0.951145734507477, 0.02040816326530612)
(-1, 1, 0.000245616146625936, -0.000294739374647196, 0.02)
(1, -1, 0.000250528469456689, 0.950963572251344, 0.0196078431372549)
(-1, 1, 0.000255440792281397, 0.588033211807550, 0.019230769230769232)
(-1, -1, 0.000260353115099941, -0.587532467493698, 0.018867924528301886)
(1, 1, 0.000265265437912202, -0.951154833944946, 0.018518518518518517)
(-1, -1, 0.000270177760718062, -0.000324213311126146, 0.01818181818181818)
(1, 1, 0.000275090083517402, 0.950954455463810, 0.017857142857142856)
(1, -1, 0.000280002406310104, 0.588057051157242, 0.017543859649122806)
(-1, 1, 0.000284914729096049, -0.587508616910485, 0.017241379310344827)
(-1, -1, 0.000289827051875120, -0.951163932556135, 0.01694915254237288)
(1, 1, 0.000294739374647196, -0.000353687247323449, 0.016666666666666666)
(1, -1, 0.000299651697412160, 0.950945337850169, 0.01639344262295082)
(1, 1, 0.000304564020169893, 0.588080889996082, 0.016129032258064516)
(-1, -1, 0.000309476342920277, -0.587484765816895, 0.015873015873015872)
(1, 1, 0.000314388665663193, -0.951173030341035, 0.015625)
(1, -1, 0.000319300988398522, -0.000383161183213498, 0.015384615384615385)
(1, 1, 0.000324213311126146, 0.950936219410429, 0.015151515151515152)
(-1, -1, 0.000329125633845947, 0.588104728324047, 0.014925373134328358)
(-1, 1, 0.000334037956557806, -0.587460914212949, 0.014705882352941176)
(-1, -1, 0.000338950279261604, -0.951182127299639, 0.014492753623188406)
(-1, 1, 0.000343862601957223, -0.000412635118770690, 0.014285714285714285)
(1, -1, 0.000348774924644544, 0.950927100144599, 0.014084507042253521)
(-1, 1, 0.000353687247323449, 0.588128566141119, 0.013888888888888888)
(-1, -1, 0.000358599569993819, -0.587437062098669, 0.0136986301369863)
(-1, 1, 0.000363511892655535, -0.951191223431939, 0.013513513513513514)
(-1, -1, 0.000368424215308480, -0.000442109053969421, 0.013333333333333334)
(-1, 1, 0.000373336537952535, 0.950917980052686, 0.013157894736842105)
(-1, -1, 0.000378248860587580, 0.588152403447275, 0.012987012987012988)
(-1, 1, 0.000383161183213498, -0.587413209474074, 0.01282051282051282)
(-1, -1, 0.000388073505830170, -0.951200318737926, 0.012658227848101266)
(-1, 1, 0.000392985828437477, -0.000471582988784086, 0.0125)
(1, -1, 0.000397898151035302, 0.950908859134698, 0.012345679012345678)
(1, 1, 0.000402810473623524, 0.588176240242496, 0.012195121951219513)
(-1, -1, 0.000407722796202027, -0.587389356339185, 0.012048192771084338)
(1, 1, 0.000412635118770690, -0.951209413217594, 0.011904761904761904)
(1, -1, 0.000417547441329397, -0.000501056923189081, 0.011764705882352941)
(1, 1, 0.000422459763878027, 0.950899737390643, 0.011627906976744186)
(-1, -1, 0.000427372086416464, 0.588200076526761, 0.011494252873563218)
(-1, 1, 0.000432284408944587, -0.587365502694024, 0.011363636363636364)
(1, -1, 0.000437196731462279, -0.951218506870933, 0.011235955056179775)
(1, 1, 0.000442109053969421, -0.000530530857158801, 0.011111111111111112)
(1, -1, 0.000447021376465895, 0.950890614820529, 0.01098901098901099)
(1, 1, 0.000451933698951581, 0.588223912300048, 0.010869565217391304)
(1, -1, 0.000456846021426362, -0.587341648538611, 0.010752688172043012)
(-1, 1, 0.000461758343890119, -0.951227599697937, 0.010638297872340425)
(1, -1, 0.000466670666342733, -0.000560004790667642, 0.010526315789473684)
(1, 1, 0.000471582988784086, 0.950881491424364, 0.010416666666666666)
(1, -1, 0.000476495311214059, 0.588247747562338, 0.010309278350515464)
(-1, 1, 0.000481407633632534, -0.587317793872967, 0.01020408163265306)
(1, -1, 0.000486319956039392, -0.951236691698596, 0.010101010101010102)
(1, 1, 0.000491232278434515, -0.000589478723689999, 0.01)
(1, -1, 0.000496144600817784, 0.950872367202156, 0.009900990099009901)
(-1, 1, 0.000501056923189081, 0.588271582313609, 0.00980392156862745)
(-1, -1, 0.000505969245548286, -0.587293938697111, 0.009708737864077669)
(1, 1, 0.000510881567895282, -0.951245782872904, 0.009615384615384616)
(-1, -1, 0.000515793890229950, -0.000618952656200269, 0.009523809523809525)
(1, 1, 0.000520706212552172, 0.950863242153913, 0.009433962264150943)
(1, -1, 0.000525618534861828, 0.588295416553841, 0.009345794392523364)
(-1, 1, 0.000530530857158801, -0.587270083011067, 0.009259259259259259)
(-1, -1, 0.000535443179442971, -0.951254873220853, 0.009174311926605505)
(1, 1, 0.000540355501714221, -0.000648426588172846, 0.00909090909090909)
(-1, -1, 0.000545267823972431, 0.950854116279643, 0.009009009009009009)
(-1, 1, 0.000550180146217484, 0.588319250283013, 0.008928571428571428)
(-1, -1, 0.000555092468449260, -0.587246226814852, 0.008849557522123894)
(-1, 1, 0.000560004790667642, -0.951263962742434, 0.008771929824561403)
(-1, -1, 0.000564917112872510, -0.000677900519582127, 0.008695652173913044)
(1, 1, 0.000569829435063746, 0.950844989579353, 0.008620689655172414)
(-1, -1, 0.000574741757241231, 0.588343083501105, 0.008547008547008548)
(1, 1, 0.000579654079404847, -0.587222370108490, 0.00847457627118644)
(1, -1, 0.000584566401554476, -0.951273051437639, 0.008403361344537815)
(-1, 1, 0.000589478723689999, -0.000707374450402507, 0.008333333333333333)
(1, -1, 0.000594391045811297, 0.950835862053052, 0.008264462809917356)
(-1, 1, 0.000599303367918252, 0.588366916208095, 0.00819672131147541)
(1, -1, 0.000604215690010745, -0.587198512891999, 0.008130081300813009)
(-1, 1, 0.000609128012088658, -0.951282139306461, 0.008064516129032258)
(-1, -1, 0.000614040334151872, -0.000736848380608381, 0.008)
(1, 1, 0.000618952656200269, 0.950826733700747, 0.007936507936507936)
(1, -1, 0.000623864978233729, 0.588390748403963, 0.007874015748031496)
(-1, 1, 0.000628777300252136, -0.587174655165402, 0.0078125)
(1, -1, 0.000633689622255369, -0.951291226348893, 0.007751937984496124)
(-1, 1, 0.000638601944243311, -0.000766322310174146, 0.007692307692307693)
(-1, -1, 0.000643514266215843, 0.950817604522447, 0.007633587786259542)
(-1, 1, 0.000648426588172846, 0.588414580088689, 0.007575757575757576)
(1, -1, 0.000653338910114202, -0.587150796928719, 0.007518796992481203)
(1, 1, 0.000658251232039793, -0.951300312564924, 0.007462686567164179)
(1, -1, 0.000663163553949499, -0.000795796239074196, 0.007407407407407408)
(1, 1, 0.000668075875843202, 0.950808474518159, 0.007352941176470588)
(1, -1, 0.000672988197720784, 0.588438411262251, 0.0072992700729927005)
(1, 1, 0.000677900519582127, -0.587126938181969, 0.007246376811594203)
(-1, -1, 0.000682812841427111, -0.951309397954549, 0.007194244604316547)
(1, 1, 0.000687725163255618, -0.000825270167282928, 0.007142857142857143)
(-1, -1, 0.000692637485067530, 0.950799343687891, 0.0070921985815602835)
(-1, 1, 0.000697549806862727, 0.588462241924629, 0.007042253521126761)
(-1, -1, 0.000702462128641093, -0.587103078925175, 0.006993006993006993)
(1, 1, 0.000707374450402507, -0.951318482517760, 0.006944444444444444)
(-1, -1, 0.000712286772146851, -0.000854744094774737, 0.006896551724137931)
(1, 1, 0.000717199093874008, 0.950790212031652, 0.00684931506849315)
(-1, -1, 0.000722111415583857, 0.588486072075802, 0.006802721088435374)
(1, 1, 0.000727023737276282, -0.587079219158357, 0.006756756756756757)
(1, -1, 0.000731936058951163, -0.951327566254547, 0.006711409395973154)
(1, 1, 0.000736848380608381, -0.000884218021524018, 0.006666666666666667)
(-1, -1, 0.000741760702247819, 0.950781079549449, 0.006622516556291391)
(1, 1, 0.000746673023869357, 0.588509901715750, 0.006578947368421052)
(-1, -1, 0.000751585345472877, -0.587055358881536, 0.006535947712418301)
(1, 1, 0.000756497667058261, -0.951336649164904, 0.006493506493506494)
(1, -1, 0.000761409988625390, -0.000913691947505168, 0.0064516129032258064)
(1, 1, 0.000766322310174146, 0.950771946241290, 0.00641025641025641)
(-1, -1, 0.000771234631704409, 0.588533730844451, 0.006369426751592357)
(1, 1, 0.000776146953216062, -0.587031498094732, 0.006329113924050633)
(1, -1, 0.000781059274708985, -0.951345731248822, 0.006289308176100629)
(1, 1, 0.000785971596183061, -0.000943165872692582, 0.00625)
(-1, -1, 0.000790883917638171, 0.950762812107183, 0.006211180124223602)
(-1, 1, 0.000795796239074196, 0.588557559461886, 0.006172839506172839)
(1, -1, 0.000800708560491018, -0.587007636797966, 0.006134969325153374)
(-1, 1, 0.000805620881888518, -0.951354812506294, 0.006097560975609756)
(1, -1, 0.000810533203266577, -0.000972639797060656, 0.006060606060606061)
(1, 1, 0.000815445524625078, 0.950753677147136, 0.006024096385542169)
(-1, -1, 0.000820357845963901, 0.588581387568033, 0.005988023952095809)
(-1, 1, 0.000825270167282928, -0.586983774991259, 0.005952380952380952)
(1, -1, 0.000830182488582041, -0.951363892937312, 0.005917159763313609)
(-1, 1, 0.000835094809861120, -0.00100211372058378, 0.0058823529411764705)
(-1, -1, 0.000840007131120048, 0.950744541361156, 0.005847953216374269)
(-1, 1, 0.000844919452358706, 0.588605215162872, 0.005813953488372093)
(-1, -1, 0.000849831773576975, -0.586959912674632, 0.005780346820809248)
(1, 1, 0.000854744094774737, -0.951372972541867, 0.005747126436781609)
(-1, -1, 0.000859656415951873, -0.00103158764323636, 0.005714285714285714)
(1, 1, 0.000864568737108265, 0.950735404749253, 0.005681818181818182)
(1, -1, 0.000869481058243794, 0.588629042246381, 0.005649717514124294)
(-1, 1, 0.000874393379358342, -0.586936049848104, 0.0056179775280898875)
