507.413914760408
(1, -1, 4.94521722515145e-6, 0.587778050892590, 1.0)
(1, 1, 9.89043445018197e-6, 0.951051014782252, 0.5)
(1, -1, 0.0000148356516749706, 0.951064767999330, 0.3333333333333333)
(1, 1, 0.0000197808688993964, 0.587814057426270, 0.25)
(1, -1, 0.0000247260861233385, 0.0000445069550118507, 0.2)
(1, 1, 0.0000296713033466759, -0.587742043194598, 0.16666666666666666)
(-1, -1, 0.0000346165205692877, -0.951037259681267, 0.14285714285714285)
(1, 1, 0.0000395617377910530, -0.951078519332473, 0.125)
(1, -1, 0.0000445069550118507, -0.587850062795568, 0.1111111111111111)
(1, 1, 0.0000494521722315600, -0.0000890139099355390, 0.1)
(1, -1, 0.0000543973894500600, 0.587706034332366, 0.09090909090909091)
(1, 1, 0.0000593426066672297, 0.951023502696401, 0.08333333333333333)
(-1, -1, 0.0000642878238829481, 0.951092268781654, 0.07692307692307693)
(-1, 1, 0.0000692330410970944, 0.587886067000412, 0.07142857142857142)
(1, -1, 0.0000741782583095475, 0.000133520864682902, 0.06666666666666667)
(1, 1, 0.0000791234755201866, -0.587670024305966, 0.0625)
(-1, -1, 0.0000840686927288908, -0.951009743827682, 0.058823529411764705)
(1, 1, 0.0000890139099355390, -0.951106016346846, 0.05555555555555555)
(1, -1, 0.0000939591271400104, -0.587922070040730, 0.05263157894736842)
(1, 1, 0.0000989043443421839, -0.000178027819165778, 0.05)
(-1, -1, 0.000103849561541939, 0.587634013115468, 0.047619047619047616)
(1, 1, 0.000108794778739154, 0.950995983075137, 0.045454545454545456)
(1, -1, 0.000113739995933709, 0.951119762028022, 0.043478260869565216)
(1, 1, 0.000118685213125482, 0.587958071916452, 0.041666666666666664)
(1, -1, 0.000123630430314352, 0.000222534773296005, 0.04)
(-1, 1, 0.000128575647500200, -0.587598000760944, 0.038461538461538464)
(1, -1, 0.000133520864682902, -0.950982220438794, 0.037037037037037035)
(-1, 1, 0.000138466081862340, -0.951133505825154, 0.03571428571428571)
(1, -1, 0.000143411299038391, -0.587994072627506, 0.034482758620689655)
(1, 1, 0.000148356516210936, -0.000267041726985419, 0.03333333333333333)
(1, -1, 0.000153301733379852, 0.587561987242465, 0.03225806451612903)
(1, 1, 0.000158246950545019, 0.950968455918680, 0.03125)
(1, -1, 0.000163192167706316, 0.951147247738215, 0.030303030303030304)
(-1, 1, 0.000168137384863622, 0.588030072173821, 0.029411764705882353)
(-1, -1, 0.000173082602016817, 0.000311548680145858, 0.02857142857142857)
(1, 1, 0.000178027819165778, -0.587525972560103, 0.027777777777777776)
(1, -1, 0.000182973036310386, -0.950954689514822, 0.02702702702702703)
(1, 1, 0.000187918253450520, -0.951160987767177, 0.02631578947368421)
(-1, -1, 0.000192863470586057, -0.588066070555325, 0.02564102564102564)
(1, 1, 0.000197808687716879, -0.000356055632689160, 0.025)
(1, -1, 0.000202753904842863, 0.587489956713929, 0.024390243902439025)
(-1, 1, 0.000207699121963888, 0.950940921227247, 0.023809523809523808)
(-1, -1, 0.000212644339079834, 0.951174725912015, 0.023255813953488372)
(1, 1, 0.000217589556190580, 0.588102067771947, 0.022727272727272728)
(1, -1, 0.000222534773296005, 0.000400562584527163, 0.022222222222222223)
(1, 1, 0.000227479990395987, -0.587453939704014, 0.021739130434782608)
(-1, -1, 0.000232425207490407, -0.950927151055982, 0.02127659574468085)
(1, 1, 0.000237370424579142, -0.951188462172699, 0.020833333333333332)
(1, -1, 0.000242315641662073, -0.588138063823616, 0.02040816326530612)
(1, 1, 0.000247260858739077, -0.000445069535571703, 0.02)
(-1, -1, 0.000252206075810035, 0.587417921530430, 0.0196078431372549)
(-1, 1, 0.000257151292874825, 0.950913379001056, 0.019230769230769232)
(-1, -1, 0.000262096509933327, 0.951202196549205, 0.018867924528301886)
(1, 1, 0.000267041726985419, 0.588174058710261, 0.018518518518518517)
(1, -1, 0.000271986944030980, 0.000489576485734619, 0.01818181818181818)
(-1, 1, 0.000276932161069890, -0.587381902193248, 0.017857142857142856)
(1, -1, 0.000281877378102027, -0.950899605062494, 0.017543859649122806)
(1, 1, 0.000286822595127271, -0.951215929041503, 0.017241379310344827)
(-1, -1, 0.000291767812145501, -0.588210052431810, 0.01694915254237288)
(1, 1, 0.000296713029156595, -0.000534083434927749, 0.016666666666666666)
(1, -1, 0.000301658246160434, 0.587345881692540, 0.01639344262295082)
(1, 1, 0.000306603463156895, 0.950885829240325, 0.016129032258064516)
(-1, -1, 0.000311548680145858, 0.951229659649567, 0.015873015873015872)
(1, 1, 0.000316493897127202, 0.588246044988191, 0.015625)
(-1, -1, 0.000321439114100806, 0.000578590383062928, 0.015384615384615385)
(1, 1, 0.000326384331066550, -0.587309860028376, 0.015151515151515152)
(1, -1, 0.000331329548024311, -0.950872051534576, 0.014925373134328358)
(-1, 1, 0.000336274764973970, -0.951243388373369, 0.014705882352941176)
(1, -1, 0.000341219981915406, -0.588282036379335, 0.014492753623188406)
(-1, 1, 0.000346165198848496, -0.000623097330051996, 0.014285714285714285)
(1, -1, 0.000351110415773121, 0.587273837200828, 0.014084507042253521)
(1, 1, 0.000356055632689160, 0.950858271945274, 0.013888888888888888)
(-1, -1, 0.000361000849596491, 0.951257115212883, 0.0136986301369863)
(1, 1, 0.000365946066494994, 0.588318026605168, 0.013513513513513514)
(1, -1, 0.000370891283384548, 0.000667604275806790, 0.013333333333333334)
(1, 1, 0.000375836500265031, -0.587237813209968, 0.013157894736842105)
(-1, -1, 0.000380781717136324, -0.950844490472446, 0.012987012987012988)
(-1, 1, 0.000385726933998304, -0.951270840168081, 0.01282051282051282)
(-1, -1, 0.000390672150850851, -0.588354015665621, 0.012658227848101266)
(1, 1, 0.000395617367693844, -0.000712111220239147, 0.0125)
(1, -1, 0.000400562584527163, 0.587201788055866, 0.012345679012345678)
(1, 1, 0.000405507801350685, 0.950830707116119, 0.012195121951219513)
(1, -1, 0.000410453018164291, 0.951284563238936, 0.012048192771084338)
(-1, 1, 0.000415398234967859, 0.588390003560622, 0.011904761904761904)
(-1, -1, 0.000420343451761268, 0.000756618163260905, 0.011764705882352941)
(-1, 1, 0.000425288668544398, -0.587165761738595, 0.011627906976744186)
(1, -1, 0.000430233885317128, -0.950816921876321, 0.011494252873563218)
(1, 1, 0.000435179102079335, -0.951298284425421, 0.011363636363636364)
(-1, -1, 0.000440124318830901, -0.588425990290098, 0.011235955056179775)
(1, 1, 0.000445069535571703, -0.000801125104783902, 0.011111111111111112)
(1, -1, 0.000450014752301621, 0.587129734258225, 0.01098901098901099)
(1, 1, 0.000454959969020534, 0.950803134753080, 0.010869565217391304)
(1, -1, 0.000459905185728320, 0.951312003727509, 0.010752688172043012)
(-1, 1, 0.000464850402424860, 0.588461975853980, 0.010638297872340425)
(1, -1, 0.000469795619110032, 0.000845632044719975, 0.010526315789473684)
(1, 1, 0.000474740835783714, -0.587093705614828, 0.010416666666666666)
(-1, -1, 0.000479686052445787, -0.950789345746422, 0.010309278350515464)
(1, 1, 0.000484631269096129, -0.951325721145172, 0.01020408163265306)
(1, -1, 0.000489576485734619, -0.588497960252196, 0.010101010101010102)
(1, 1, 0.000494521702361137, -0.000890138982980961, 0.01)
(-1, -1, 0.000499466918975561, 0.587057675808475, 0.009900990099009901)
(-1, 1, 0.000504412135577770, 0.950775554856375, 0.00980392156862745)
(1, -1, 0.000509357352167644, 0.951339436678384, 0.009708737864077669)
(-1, 1, 0.000514302568745061, 0.588533943484675, 0.009615384615384616)
(-1, -1, 0.000519247785309902, 0.000934645919478699, 0.009523809523809525)
(-1, 1, 0.000524193001862043, -0.587021644839238, 0.009433962264150943)
(1, -1, 0.000529138218401366, -0.950761762082966, 0.009345794392523364)
(1, 1, 0.000534083434927749, -0.951353150327116, 0.009259259259259259)
(1, -1, 0.000539028651441070, -0.588569925551345, 0.009174311926605505)
(1, 1, 0.000543973867941209, -0.000979152854125025, 0.00909090909090909)
(1, -1, 0.000548919084428045, 0.586985612707188, 0.009009009009009009)
(-1, 1, 0.000553864300901458, 0.950747967426223, 0.008928571428571428)
(1, -1, 0.000558809517361325, 0.951366862091343, 0.008849557522123894)
(1, 1, 0.000563754733807527, 0.588605906452135, 0.008771929824561403)
(1, -1, 0.000568699950239942, 0.00102365978683178, 0.008695652173913044)
(1, 1, 0.000573645166658449, -0.586949579412396, 0.008620689655172414)
(-1, -1, 0.000578590383062928, -0.950734170886172, 0.008547008547008548)
(-1, 1, 0.000583535599453257, -0.951380571971036, 0.00847457627118644)
(1, -1, 0.000588480815829316, -0.588641886186973, 0.008403361344537815)
(1, 1, 0.000593426032190984, -0.00106816671751080, 0.008333333333333333)
(1, -1, 0.000598371248538139, 0.586913544954934, 0.008264462809917356)
(1, 1, 0.000603316464870661, 0.950720372462841, 0.00819672131147541)
(1, -1, 0.000608261681188428, 0.951394279966170, 0.008130081300813009)
(1, 1, 0.000613206897491321, 0.588677864755790, 0.008064516129032258)
(1, -1, 0.000618152113779217, 0.00111267364607391, 0.008)
(-1, 1, 0.000623097330051996, -0.586877509334873, 0.007936507936507936)
(-1, -1, 0.000628042546309538, -0.950706572156258, 0.007874015748031496)
(1, 1, 0.000632987762551720, -0.951407986076715, 0.0078125)
(-1, -1, 0.000637932978778423, -0.588713842158512, 0.007751937984496124)
(-1, 1, 0.000642878194989525, -0.00115718057243297, 0.007692307692307693)
(-1, -1, 0.000647823411184905, 0.586841472552285, 0.007633587786259542)
(1, 1, 0.000652768627364443, 0.950692769966450, 0.007575757575757576)
(-1, -1, 0.000657713843528017, 0.951421690302646, 0.007518796992481203)
(1, 1, 0.000662659059675506, 0.588749818395070, 0.007462686567164179)
(1, -1, 0.000667604275806790, 0.00120168749649981, 0.007407407407407408)
(-1, 1, 0.000672549491921748, -0.586805434607240, 0.007352941176470588)
(-1, -1, 0.000677494708020258, -0.950678965893443, 0.0072992700729927005)
(1, 1, 0.000682439924102200, -0.951435392643936, 0.007246376811594203)
(-1, -1, 0.000687385140167453, -0.588785793465391, 0.007194244604316547)
(-1, 1, 0.000692330356215896, -0.00124619441818625, 0.007142857142857143)
(-1, -1, 0.000697275572247408, 0.586769395499811, 0.0070921985815602835)
(1, 1, 0.000702220788261868, 0.950665159937267, 0.007042253521126761)
(-1, -1, 0.000707166004259154, 0.951449093100556, 0.006993006993006993)
(1, 1, 0.000712111220239147, 0.588821767369404, 0.006944444444444444)
(1, -1, 0.000717056436201725, 0.00129070133740416, 0.006896551724137931)
(-1, 1, 0.000722001652146768, -0.586733355230069, 0.00684931506849315)
(1, -1, 0.000726946868074154, -0.950651352097947, 0.006802721088435374)
(1, 1, 0.000731892083983762, -0.951462791672480, 0.006756756756756757)
(-1, -1, 0.000736837299875471, -0.588857740107039, 0.006711409395973154)
(1, 1, 0.000741782515749161, -0.00133520825406535, 0.006666666666666667)
(-1, -1, 0.000746727731604711, 0.586697313798084, 0.006622516556291391)
(1, 1, 0.000751672947441999, 0.950637542375511, 0.006578947368421052)
(-1, -1, 0.000756618163260905, 0.951476488359682, 0.006535947712418301)
(-1, 1, 0.000761563379061308, 0.588893711678224, 0.006493506493506494)
(1, -1, 0.000766508594843087, 0.00137971516808166, 0.0064516129032258064)
(-1, 1, 0.000771453810606120, -0.586661271203929, 0.00641025641025641)
(1, -1, 0.000776399026350288, -0.950623730769987, 0.006369426751592357)
(-1, 1, 0.000781344242075468, -0.951490183162132, 0.006329113924050633)
(-1, -1, 0.000786289457781541, -0.588929682082887, 0.006289308176100629)
(1, 1, 0.000791234673468385, -0.00142422207936495, 0.00625)
(-1, -1, 0.000796179889135879, 0.586625227447675, 0.006211180124223602)
(1, 1, 0.000801125104783902, 0.950609917281401, 0.006172839506172839)
(1, -1, 0.000806070320412334, 0.951503876079806, 0.006134969325153374)
(1, 1, 0.000811015536021053, 0.588965651320958, 0.006097560975609756)
(1, -1, 0.000815960751609938, 0.00146872898782703, 0.006060606060606061)
(1, 1, 0.000820905967178869, -0.586589182529393, 0.006024096385542169)
(-1, -1, 0.000825851182727725, -0.950596101909782, 0.005988023952095809)
(-1, 1, 0.000830796398256384, -0.951517567112674, 0.005952380952380952)
(1, -1, 0.000835741613764726, -0.589001619392365, 0.005917159763313609)
(-1, 1, 0.000840686829252630, -0.00151323589337976, 0.0058823529411764705)
(1, -1, 0.000845632044719975, 0.586553136449155, 0.005847953216374269)
(-1, 1, 0.000850577260166639, 0.950582284655156, 0.005813953488372093)
(1, -1, 0.000855522475592503, 0.951531256260712, 0.005780346820809248)
(1, 1, 0.000860467690997445, 0.589037586297037, 0.005747126436781609)
(-1, -1, 0.000865412906381343, 0.00155774279593496, 0.005714285714285714)
(1, 1, 0.000870358121744078, -0.586517089207031, 0.005681818181818182)
(-1, -1, 0.000875303337085528, -0.950568465517552, 0.005649717514124294)
(-1, 1, 0.000880248552405573, -0.951544943523890, 0.0056179775280898875)
