461.877626205766
(1, -1, 5.96837727917492e-6, 0.0627818228908566, 1.0)
(-1, 1, 0.0000119367545581372, 0.125315943305934, 0.5)
(-1, -1, 0.0000179051318366744, 0.187355636066920, 0.3333333333333333)
(1, 1, 0.0000238735091145737, 0.248656126734561, 0.25)
(-1, -1, 0.0000298418863916226, 0.308975557353709, 0.2)
(1, 1, 0.0000358102636676084, 0.368075940691531, 0.16666666666666666)
(1, -1, 0.0000417786409423187, 0.425724099203983, 0.14285714285714285)
(-1, 1, 0.0000477470182155408, 0.481692585025902, 0.125)
(1, -1, 0.0000537153954870620, 0.535760577354937, 0.1111111111111111)
(1, 1, 0.0000596837727566698, 0.587714753688754, 0.1)
(1, -1, 0.0000656521500241515, 0.637350131478066, 0.09090909090909091)
(-1, 1, 0.0000716205272892947, 0.684470876874818, 0.08333333333333333)
(1, -1, 0.0000775889045518866, 0.728891077384630, 0.07692307692307693)
(-1, 1, 0.0000835572818117147, 0.770435475375051, 0.07142857142857142)
(1, -1, 0.0000895256590685663, 0.808940159545593, 0.06666666666666667)
(1, 1, 0.0000954940363222289, 0.844253211631399, 0.0625)
(1, -1, 0.000101462413572490, 0.876235305788997, 0.058823529411764705)
(-1, 1, 0.000107430790819137, 0.904760258299300, 0.05555555555555555)
(1, -1, 0.000113399168061956, 0.929715525419025, 0.05263157894736842)
(-1, 1, 0.000119367545300737, 0.951002647416284, 0.05)
(-1, -1, 0.000125335922535265, 0.968537637038426, 0.047619047619047616)
(-1, 1, 0.000131304299765329, 0.982251310879458, 0.045454545454545456)
(1, -1, 0.000137272676990715, 0.992089562339633, 0.043478260869565216)
(1, 1, 0.000143241054211212, 0.998013575100281, 0.041666666666666664)
(1, -1, 0.000149209431426606, 0.999999976271610, 0.04)
(-1, 1, 0.000155177808636685, 0.998040928609250, 0.038461538461538464)
(-1, -1, 0.000161146185841236, 0.992144161435700, 0.037037037037037035)
(1, 1, 0.000167114563040048, 0.982332940144677, 0.03571428571428571)
(1, -1, 0.000173082940232906, 0.968645974408700, 0.034482758620689655)
(-1, 1, 0.000179051317419598, 0.951137265452052, 0.03333333333333333)
(-1, -1, 0.000185019694599913, 0.929875892991702, 0.03225806451612903)
(-1, 1, 0.000190988071773637, 0.904945742686819, 0.03125)
(-1, -1, 0.000196956448940558, 0.876445175172179, 0.030303030303030304)
(-1, 1, 0.000202924826100463, 0.844486637981312, 0.029411764705882353)
(-1, -1, 0.000208893203253139, 0.809196221890495, 0.02857142857142857)
(1, 1, 0.000214861580398374, 0.770713163434039, 0.027777777777777776)
(1, -1, 0.000220829957535956, 0.729189295553649, 0.02702702702702703)
(-1, 1, 0.000226798334665671, 0.684788448549312, 0.02631578947368421)
(-1, -1, 0.000232766711787307, 0.637685803695213, 0.02564102564102564)
(1, 1, 0.000238735088900652, 0.588067202070965, 0.025)
(-1, -1, 0.000244703466005493, 0.536128411335121, 0.024390243902439025)
(1, 1, 0.000250671843101617, 0.482074353333875, 0.023809523809523808)
(1, -1, 0.000256640220188811, 0.426118295592385, 0.023255813953488372)
(1, 1, 0.000262608597266864, 0.368481009878644, 0.022727272727272728)
(-1, -1, 0.000268576974335562, 0.309389901159743, 0.022222222222222223)
(-1, 1, 0.000274545351394693, 0.249078110387192, 0.021739130434782608)
(-1, -1, 0.000280513728444045, 0.187783594651197, 0.02127659574468085)
(-1, 1, 0.000286482105483404, 0.125748188333120, 0.020833333333333332)
(1, -1, 0.000292450482512558, 0.0632166489602733, 0.02040816326530612)
(-1, 1, 0.000298418859531295, 0.000435691527598011, 0.02)
(-1, -1, 0.000304387236539401, -0.0623469849037475, 0.0196078431372549)
(1, 1, 0.000310355613536665, -0.124883674490384, 0.019230769230769232)
(-1, -1, 0.000316323990522873, -0.186927641917463, 0.018867924528301886)
(1, 1, 0.000322292367497814, -0.248234095880255, 0.018518518518518517)
(-1, -1, 0.000328260744461274, -0.308561154895736, 0.01818181818181818)
(-1, 1, 0.000334229121413040, -0.367670801633623, 0.017857142857142856)
(-1, -1, 0.000340197498352901, -0.425329822001603, 0.017543859649122806)
(-1, 1, 0.000346165875280644, -0.481310725279614, 0.017241379310344827)
(-1, -1, 0.000352134252196056, -0.535392641672869, 0.01694915254237288)
(1, 1, 0.000358102629098924, -0.587362193742346, 0.016666666666666666)
(1, -1, 0.000364071005989036, -0.637014338274582, 0.01639344262295082)
(1, 1, 0.000370039382866179, -0.684153175269192, 0.016129032258064516)
(1, -1, 0.000376007759730141, -0.728592720852321, 0.015873015873015872)
(1, 1, 0.000381976136580709, -0.770157641066519, 0.015625)
(-1, -1, 0.000387944513417670, -0.808683943641913, 0.015384615384615385)
(1, 1, 0.000393912890240812, -0.844019625019333, 0.015151515151515152)
(1, -1, 0.000399881267049922, -0.876025270072593, 0.014925373134328358)
(1, 1, 0.000405849643844788, -0.904574602163751, 0.014705882352941176)
(-1, -1, 0.000411818020625197, -0.929554981361131, 0.014492753623188406)
(1, 1, 0.000417786397390937, -0.950867848854425, 0.014285714285714285)
(1, -1, 0.000423754774141794, -0.968429115813445, 0.014084507042253521)
(-1, 1, 0.000429723150877556, -0.982169495156305, 0.013888888888888888)
(-1, -1, 0.000435691527598011, -0.992034774918065, 0.0136986301369863)
(-1, 1, 0.000441659904302946, -0.997986032141272, 0.013513513513513514)
(-1, -1, 0.000447628280992149, -0.999999786444498, 0.013333333333333334)
(1, 1, 0.000453596657665406, -0.998068092662989, 0.013157894736842105)
(1, -1, 0.000459565034322505, -0.992198572195901, 0.012987012987012988)
(1, 1, 0.000465533410963234, -0.982414382936467, 0.01282051282051282)
(-1, -1, 0.000471501787587380, -0.968754127903703, 0.012658227848101266)
(-1, 1, 0.000477470164194730, -0.951271702936176, 0.0125)
(1, -1, 0.000483438540785073, -0.930036084048720, 0.012345679012345678)
(1, 1, 0.000489406917358194, -0.905131055291097, 0.012195121951219513)
(1, -1, 0.000495375293913882, -0.876654878182302, 0.012048192771084338)
(-1, 1, 0.000501343670451924, -0.844719904024762, 0.011904761904761904)
(-1, -1, 0.000507312046972107, -0.809452130628013, 0.011764705882352941)
(-1, 1, 0.000513280423474219, -0.770990705190769, 0.011627906976744186)
(-1, -1, 0.000519248799958047, -0.729487375302766, 0.011494252873563218)
(-1, 1, 0.000525217176423379, -0.685105890232389, 0.011363636363636364)
(-1, -1, 0.000531185552870002, -0.638021354862302, 0.011235955056179775)
(1, 1, 0.000537153929297703, -0.588419538822075, 0.011111111111111112)
(1, -1, 0.000543122305706269, -0.536496143543594, 0.01098901098901099)
(1, 1, 0.000549090682095489, -0.482456030131064, 0.010869565217391304)
(1, -1, 0.000555059058465150, -0.426512411091980, 0.010752688172043012)
(1, 1, 0.000561027434815038, -0.368886009118069, 0.010638297872340425)
(-1, -1, 0.000566995811144942, -0.309804186235185, 0.010526315789473684)
(1, 1, 0.000572964187454649, -0.249500046758043, 0.010416666666666666)
(-1, -1, 0.000578932563743946, -0.188211517589056, 0.010309278350515464)
(-1, 1, 0.000584900940012620, -0.126180409489891, 0.01020408163265306)
(1, -1, 0.000590869316260459, -0.0636514630294559, 0.010101010101010102)
(1, 1, 0.000596837692487251, -0.000871382972489956, 0.01)
(-1, -1, 0.000602806068692782, 0.0619121350814901, 0.009900990099009901)
(1, 1, 0.000608774444876840, 0.124451381968525, 0.00980392156862745)
(-1, -1, 0.000614742821039213, 0.186499612284071, 0.009708737864077669)
(-1, 1, 0.000620711197179688, 0.247812017904387, 0.009615384615384616)
(1, -1, 0.000626679573298052, 0.308146693864488, 0.009523809523809525)
(1, 1, 0.000632647949394093, 0.367265592781828, 0.009433962264150943)
(1, -1, 0.000638616325467598, 0.424935464060089, 0.009345794392523364)
(-1, 1, 0.000644584701518354, 0.480928774167499, 0.009259259259259259)
(1, -1, 0.000650553077546150, 0.535024604358759, 0.009174311926605505)
(1, 1, 0.000656521453550771, 0.587009522298667, 0.00909090909090909)
(-1, -1, 0.000662489829532007, 0.636678424148503, 0.009009009009009009)
(1, 1, 0.000668458205489643, 0.683835343792741, 0.008928571428571428)
(-1, -1, 0.000674426581423468, 0.728294226013356, 0.008849557522123894)
(1, 1, 0.000680394957333269, 0.769879660561183, 0.008771929824561403)
(-1, -1, 0.000686363333218833, 0.808427574228092, 0.008695652173913044)
(1, 1, 0.000692331709079948, 0.843785878189455, 0.008620689655172414)
(1, -1, 0.000698300084916401, 0.875815068062839, 0.008547008547008548)
(1, 1, 0.000704268460727980, 0.904388774315413, 0.00847457627118644)
(1, -1, 0.000710236836514471, 0.929394260848495, 0.008403361344537815)
(-1, 1, 0.000716205212275663, 0.950732869792066, 0.008333333333333333)
(1, -1, 0.000722173588011342, 0.968320410754358, 0.008264462809917356)
(-1, 1, 0.000728141963721296, 0.982087492990749, 0.00819672131147541)
(1, -1, 0.000734110339405313, 0.991979799181397, 0.008130081300813009)
(-1, 1, 0.000740078715063180, 0.997958299737453, 0.008064516129032258)
(-1, -1, 0.000746047090694684, 0.999999406790311, 0.008)
(-1, 1, 0.000752015466299612, 0.998095067256339, 0.007936507936507936)
(-1, -1, 0.000757983841877753, 0.992252794609909, 0.007874015748031496)
(-1, 1, 0.000763952217428893, 0.982495639239367, 0.0078125)
(-1, -1, 0.000769920592952820, 0.968862097502903, 0.007751937984496124)
(1, 1, 0.000775888968449322, 0.951405959843136, 0.007692307692307693)
(1, -1, 0.000781857343918184, 0.930196098559671, 0.007633587786259542)
(-1, 1, 0.000787825719359196, 0.905316196076957, 0.007575757575757576)
(1, -1, 0.000793794094772145, 0.876864414779557, 0.007518796992481203)
(-1, 1, 0.000799762470156817, 0.844953009717469, 0.007462686567164179)
(1, -1, 0.000805730845513000, 0.809707885709566, 0.007407407407407408)
(-1, 1, 0.000811699220840483, 0.771268100592557, 0.007352941176470588)
(1, -1, 0.000817667596139051, 0.729785316575398, 0.0072992700729927005)
(1, 1, 0.000823635971408492, 0.685423201863791, 0.007246376811594203)
(-1, -1, 0.000829604346648595, 0.638356784915638, 0.007194244604316547)
(-1, 1, 0.000835572721859145, 0.588771763875200, 0.007142857142857143)
(1, -1, 0.000841541097039931, 0.536863773910551, 0.0070921985815602835)
(-1, 1, 0.000847509472190741, 0.482837615345016, 0.007042253521126761)
(1, -1, 0.000853477847311360, 0.426906445627954, 0.006993006993006993)
(1, 1, 0.000859446222401578, 0.369290938332927, 0.006944444444444444)
(-1, -1, 0.000865414597461181, 0.310218412501391, 0.006896551724137931)
(1, 1, 0.000871382972489956, 0.249921935767019, 0.00684931506849315)
(-1, -1, 0.000877351347487691, 0.188639404799265, 0.006802721088435374)
(1, 1, 0.000883319722454174, 0.126612606694198, 0.006756756756756757)
(-1, -1, 0.000889288097389192, 0.0640862650158648, 0.006711409395973154)
(1, 1, 0.000895256472292531, 0.00130707425196978, 0.006666666666666667)
(1, -1, 0.000901224847163981, -0.0614772735066305, 0.006622516556291391)
(-1, 1, 0.000907193222003327, -0.124019065822420, 0.006578947368421052)
(1, -1, 0.000913161596810358, -0.186071547247995, 0.006535947712418301)
(-1, 1, 0.000919129971584860, -0.247389892887078, 0.006493506493506494)
(1, -1, 0.000925098346326622, -0.307732174338642, 0.0064516129032258064)
(-1, 1, 0.000931066721035430, -0.366860314213064, 0.00641025641025641)
(1, -1, 0.000937035095711073, -0.424541025454302, 0.006369426751592357)
(1, 1, 0.000943003470353336, -0.480546731762062, 0.006329113924050633)
(1, -1, 0.000948971844962009, -0.534656465482471, 0.006289308176100629)
(1, 1, 0.000954940219536877, -0.586656739424663, 0.00625)
(1, -1, 0.000960908594077729, -0.636342389163594, 0.006211180124223602)
(-1, 1, 0.000966876968584353, -0.683517382505799, 0.006172839506172839)
(1, -1, 0.000972845343056534, -0.727995592924399, 0.006134969325153374)
(-1, 1, 0.000978813717494061, -0.769601533911811, 0.006097560975609756)
(1, -1, 0.000984782091896722, -0.808171051352795, 0.006060606060606061)
(-1, 1, 0.000990750466264303, -0.843551971186138, 0.006024096385542169)
(-1, -1, 0.000996718840596592, -0.875604699799636, 0.005988023952095809)
(1, 1, 0.00100268721489338, -0.904202774789563, 0.005952380952380952)
(1, -1, 0.00100865558915444, -0.929233363911627, 0.005917159763313609)
(1, 1, 0.00101462396337958, -0.950597710254827, 0.0058823529411764705)
(1, -1, 0.00102059233756858, -0.968211521881800, 0.005847953216374269)
(1, 1, 0.00102656071172121, -0.982005304398357, 0.005813953488372093)
(-1, -1, 0.00103252908583729, -0.991924635140064, 0.005780346820809248)
