522.426724954643
(1, -1, 4.66508270915541e-6, 0.0000466508270748022, 1.0)
(-1, 1, 9.33016541820929e-6, 0.0000933016540480783, 0.5)
(1, -1, 0.0000139952481270601, 0.000139952480818302, 0.3333333333333333)
(1, 1, 0.0000186603308356064, 0.000186603307283947, 0.25)
(-1, -1, 0.0000233254135437465, 0.000233254133343488, 0.2)
(-1, 1, 0.0000279904962513790, 0.000279904958895397, 0.16666666666666666)
(1, -1, 0.0000326555789584024, 0.000326555783838150, 0.14285714285714285)
(-1, 1, 0.0000373206616647151, 0.000373206608070219, 0.125)
(1, -1, 0.0000419857443702155, 0.000419857431490079, 0.1111111111111111)
(1, 1, 0.0000466508270748022, 0.000466508253996203, 0.1)
(1, -1, 0.0000513159097783737, 0.000513159075487066, 0.09090909090909091)
(1, 1, 0.0000559809924808284, 0.000559809895861140, 0.08333333333333333)
(1, -1, 0.0000606460751820648, 0.000606460715016901, 0.07692307692307693)
(-1, 1, 0.0000653111578819813, 0.000653111532852821, 0.07142857142857142)
(-1, -1, 0.0000699762405804764, 0.000699762349267375, 0.06666666666666667)
(1, 1, 0.0000746413232774487, 0.000746413164159036, 0.0625)
(-1, -1, 0.0000793064059727965, 0.000793063977426278, 0.058823529411764705)
(-1, 1, 0.0000839714886664185, 0.000839714788967576, 0.05555555555555555)
(1, -1, 0.0000886365713582129, 0.000886365598681403, 0.05263157894736842)
(-1, 1, 0.0000933016540480783, 0.000933016406466232, 0.05)
(1, -1, 0.0000979667367359132, 0.000979667212220538, 0.047619047619047616)
(-1, 1, 0.000102631819421616, 0.00102631801584279, 0.045454545454545456)
(1, -1, 0.000107296902105085, 0.00107296881723148, 0.043478260869565216)
(-1, 1, 0.000111961984786220, 0.00111961961628506, 0.041666666666666664)
(1, -1, 0.000116627067464917, 0.00116627041290201, 0.04)
(-1, 1, 0.000121292150141077, 0.00121292120698081, 0.038461538461538464)
(1, -1, 0.000125957232814596, 0.00125957199841992, 0.037037037037037035)
(1, 1, 0.000130622315485375, 0.00130622278711783, 0.03571428571428571)
(-1, -1, 0.000135287398153310, 0.00135287357297301, 0.034482758620689655)
(1, 1, 0.000139952480818302, 0.00139952435588394, 0.03333333333333333)
(-1, -1, 0.000144617563480248, 0.00144617513574907, 0.03225806451612903)
(-1, 1, 0.000149282646139046, 0.00149282591246690, 0.03125)
(1, -1, 0.000153947728794596, 0.00153947668593589, 0.030303030303030304)
(1, 1, 0.000158612811446795, 0.00158612745605452, 0.029411764705882353)
(-1, -1, 0.000163277894095542, 0.00163277822272125, 0.02857142857142857)
(1, 1, 0.000167942976740736, 0.00167942898583458, 0.027777777777777776)
(1, -1, 0.000172608059382275, 0.00172607974529296, 0.02702702702702703)
(-1, 1, 0.000177273142020058, 0.00177273050099488, 0.02631578947368421)
(1, -1, 0.000181938224653982, 0.00181938125283880, 0.02564102564102564)
(1, 1, 0.000186603307283947, 0.00186603200072320, 0.025)
(1, -1, 0.000191268389909851, 0.00191268274454656, 0.024390243902439025)
(-1, 1, 0.000195933472531592, 0.00195933348420735, 0.023809523809523808)
(-1, -1, 0.000200598555149070, 0.00200598421960405, 0.023255813953488372)
(1, 1, 0.000205263637762181, 0.00205263495063511, 0.022727272727272728)
(-1, -1, 0.000209928720370826, 0.00209928567719904, 0.022222222222222223)
(-1, 1, 0.000214593802974902, 0.00214593639919428, 0.021739130434782608)
(1, -1, 0.000219258885574307, 0.00219258711651933, 0.02127659574468085)
(1, 1, 0.000223923968168941, 0.00223923782907265, 0.020833333333333332)
(1, -1, 0.000228589050758702, 0.00228588853675271, 0.02040816326530612)
(-1, 1, 0.000233254133343488, 0.00233253923945800, 0.02)
(-1, -1, 0.000237919215923197, 0.00237918993708698, 0.0196078431372549)
(1, 1, 0.000242584298497729, 0.00242584062953814, 0.019230769230769232)
(1, -1, 0.000247249381066981, 0.00247249131670993, 0.018867924528301886)
(-1, 1, 0.000251914463630853, 0.00251914199850085, 0.018518518518518517)
(-1, -1, 0.000256579546189242, 0.00256579267480935, 0.01818181818181818)
(-1, 1, 0.000261244628742047, 0.00261244334553393, 0.017857142857142856)
(1, -1, 0.000265909711289166, 0.00265909401057304, 0.017543859649122806)
(1, 1, 0.000270574793830499, 0.00270574466982517, 0.017241379310344827)
(-1, -1, 0.000275239876365943, 0.00275239532318879, 0.01694915254237288)
(-1, 1, 0.000279904958895397, 0.00279904597056237, 0.016666666666666666)
(1, -1, 0.000284570041418760, 0.00284569661184438, 0.01639344262295082)
(1, 1, 0.000289235123935929, 0.00289234724693331, 0.016129032258064516)
(1, -1, 0.000293900206446804, 0.00293899787572763, 0.015873015873015872)
(1, 1, 0.000298565288951282, 0.00298564849812580, 0.015625)
(-1, -1, 0.000303230371449263, 0.00303229911402631, 0.015384615384615385)
(-1, 1, 0.000307895453940645, 0.00307894972332762, 0.015151515151515152)
(-1, -1, 0.000312560536425326, 0.00312560032592822, 0.014925373134328358)
(-1, 1, 0.000317225618903205, 0.00317225092172658, 0.014705882352941176)
(1, -1, 0.000321890701374180, 0.00321890151062117, 0.014492753623188406)
(1, 1, 0.000326555783838150, 0.00326555209251046, 0.014285714285714285)
(1, -1, 0.000331220866295013, 0.00331220266729293, 0.014084507042253521)
(-1, 1, 0.000335885948744667, 0.00335885323486706, 0.013888888888888888)
(1, -1, 0.000340551031187012, 0.00340550379513132, 0.0136986301369863)
(-1, 1, 0.000345216113621945, 0.00345215434798418, 0.013513513513513514)
(1, -1, 0.000349881196049365, 0.00349880489332412, 0.013333333333333334)
(1, 1, 0.000354546278469171, 0.00354545543104961, 0.013157894736842105)
(1, -1, 0.000359211360881261, 0.00359210596105912, 0.012987012987012988)
(-1, 1, 0.000363876443285533, 0.00363875648325114, 0.01282051282051282)
(-1, -1, 0.000368541525681886, 0.00368540699752413, 0.012658227848101266)
(-1, 1, 0.000373206608070219, 0.00373205750377658, 0.0125)
(1, -1, 0.000377871690450430, 0.00377870800190694, 0.012345679012345678)
(-1, 1, 0.000382536772822417, 0.00382535849181371, 0.012195121951219513)
(-1, -1, 0.000387201855186078, 0.00387200897339535, 0.012048192771084338)
(1, 1, 0.000391866937541314, 0.00391865944655034, 0.011904761904761904)
(1, -1, 0.000396532019888020, 0.00396530991117715, 0.011764705882352941)
(1, 1, 0.000401197102226098, 0.00401196036717426, 0.011627906976744186)
(-1, -1, 0.000405862184555444, 0.00405861081444014, 0.011494252873563218)
(-1, 1, 0.000410527266875957, 0.00410526125287326, 0.011363636363636364)
(1, -1, 0.000415192349187536, 0.00415191168237211, 0.011235955056179775)
(1, 1, 0.000419857431490079, 0.00419856210283515, 0.011111111111111112)
(1, -1, 0.000424522513783484, 0.00424521251416087, 0.01098901098901099)
(1, 1, 0.000429187596067651, 0.00429186291624773, 0.010869565217391304)
(-1, -1, 0.000433852678342478, 0.00433851330899421, 0.010752688172043012)
(-1, 1, 0.000438517760607862, 0.00438516369229879, 0.010638297872340425)
(-1, -1, 0.000443182842863703, 0.00443181406605993, 0.010526315789473684)
(-1, 1, 0.000447847925109899, 0.00447846443017612, 0.010416666666666666)
(1, -1, 0.000452513007346349, 0.00452511478454583, 0.010309278350515464)
(-1, 1, 0.000457178089572950, 0.00457176512906753, 0.01020408163265306)
(1, -1, 0.000461843171789602, 0.00461841546363970, 0.010101010101010102)
(1, 1, 0.000466508253996203, 0.00466506578816082, 0.01)
(-1, -1, 0.000471173336192651, 0.00471171610252935, 0.009900990099009901)
(1, 1, 0.000475838418378845, 0.00475836640664378, 0.00980392156862745)
(-1, -1, 0.000480503500554684, 0.00480501670040258, 0.009708737864077669)
(-1, 1, 0.000485168582720065, 0.00485166698370422, 0.009615384615384616)
(-1, -1, 0.000489833664874887, 0.00489831725644718, 0.009523809523809525)
(-1, 1, 0.000494498747019050, 0.00494496751852993, 0.009433962264150943)
(-1, -1, 0.000499163829152450, 0.00499161776985096, 0.009345794392523364)
(1, 1, 0.000503828911274987, 0.00503826801030872, 0.009259259259259259)
(1, -1, 0.000508493993386560, 0.00508491823980171, 0.009174311926605505)
(1, 1, 0.000513159075487066, 0.00513156845822839, 0.00909090909090909)
(1, -1, 0.000517824157576404, 0.00517821866548724, 0.009009009009009009)
(1, 1, 0.000522489239654472, 0.00522486886147673, 0.008928571428571428)
(1, -1, 0.000527154321721170, 0.00527151904609534, 0.008849557522123894)
(-1, 1, 0.000531819403776395, 0.00531816921924155, 0.008771929824561403)
(-1, -1, 0.000536484485820047, 0.00536481938081383, 0.008695652173913044)
(-1, 1, 0.000541149567852022, 0.00541146953071065, 0.008620689655172414)
(1, -1, 0.000545814649872221, 0.00545811966883050, 0.008547008547008548)
(1, 1, 0.000550479731880542, 0.00550476979507184, 0.00847457627118644)
(-1, -1, 0.000555144813876882, 0.00555141990933315, 0.008403361344537815)
(1, 1, 0.000559809895861140, 0.00559807001151291, 0.008333333333333333)
(1, -1, 0.000564474977833215, 0.00564472010150959, 0.008264462809917356)
(-1, 1, 0.000569140059793006, 0.00569137017922166, 0.00819672131147541)
(1, -1, 0.000573805141740411, 0.00573802024454761, 0.008130081300813009)
(-1, 1, 0.000578470223675327, 0.00578467029738591, 0.008064516129032258)
(-1, -1, 0.000583135305597655, 0.00583132033763504, 0.008)
(-1, 1, 0.000587800387507292, 0.00587797036519346, 0.007936507936507936)
(-1, -1, 0.000592465469404136, 0.00592462037995966, 0.007874015748031496)
(-1, 1, 0.000597130551288087, 0.00597127038183210, 0.0078125)
(-1, -1, 0.000601795633159042, 0.00601792037070928, 0.007751937984496124)
(1, 1, 0.000606460715016901, 0.00606457034648965, 0.007692307692307693)
(1, -1, 0.000611125796861560, 0.00611122030907171, 0.007633587786259542)
(1, 1, 0.000615790878692921, 0.00615787025835391, 0.007575757575757576)
(1, -1, 0.000620455960510879, 0.00620452019423475, 0.007518796992481203)
(1, 1, 0.000625121042315335, 0.00625117011661269, 0.007462686567164179)
(-1, -1, 0.000629786124106186, 0.00629782002538621, 0.007407407407407408)
(1, 1, 0.000634451205883331, 0.00634446992045379, 0.007352941176470588)
(1, -1, 0.000639116287646669, 0.00639111980171390, 0.0072992700729927005)
(-1, 1, 0.000643781369396097, 0.00643776966906502, 0.007246376811594203)
(1, -1, 0.000648446451131515, 0.00648441952240562, 0.007194244604316547)
(-1, 1, 0.000653111532852821, 0.00653106936163418, 0.007142857142857143)
(1, -1, 0.000657776614559913, 0.00657771918664918, 0.0070921985815602835)
(-1, 1, 0.000662441696252690, 0.00662436899734909, 0.007042253521126761)
(1, -1, 0.000667106777931050, 0.00667101879363239, 0.006993006993006993)
(1, 1, 0.000671771859594892, 0.00671766857539755, 0.006944444444444444)
(1, -1, 0.000676436941244114, 0.00676431834254305, 0.006896551724137931)
(-1, 1, 0.000681102022878615, 0.00681096809496737, 0.00684931506849315)
(1, -1, 0.000685767104498293, 0.00685761783256898, 0.006802721088435374)
(1, 1, 0.000690432186103046, 0.00690426755524636, 0.006756756756756757)
(1, -1, 0.000695097267692774, 0.00695091726289798, 0.006711409395973154)
(-1, 1, 0.000699762349267375, 0.00699756695542233, 0.006666666666666667)
(-1, -1, 0.000704427430826746, 0.00704421663271787, 0.006622516556291391)
(-1, 1, 0.000709092512370787, 0.00709086629468309, 0.006578947368421052)
(-1, -1, 0.000713757593899396, 0.00713751594121645, 0.006535947712418301)
(-1, 1, 0.000718422675412472, 0.00718416557221644, 0.006493506493506494)
(1, -1, 0.000723087756909912, 0.00723081518758154, 0.0064516129032258064)
(1, 1, 0.000727752838391616, 0.00727746478721022, 0.00641025641025641)
(-1, -1, 0.000732417919857482, 0.00732411437100094, 0.006369426751592357)
(1, 1, 0.000737083001307408, 0.00737076393885221, 0.006329113924050633)
(1, -1, 0.000741748082741293, 0.00741741349066248, 0.006289308176100629)
(1, 1, 0.000746413164159036, 0.00746406302633024, 0.00625)
(1, -1, 0.000751078245560534, 0.00751071254575396, 0.006211180124223602)
(-1, 1, 0.000755743326945687, 0.00755736204883211, 0.006172839506172839)
(-1, -1, 0.000760408408314392, 0.00760401153546319, 0.006134969325153374)
(1, 1, 0.000765073489666549, 0.00765066100554565, 0.006097560975609756)
(-1, -1, 0.000769738571002055, 0.00769731045897799, 0.006060606060606061)
(1, 1, 0.000774403652320809, 0.00774395989565867, 0.006024096385542169)
(1, -1, 0.000779068733622710, 0.00779060931548617, 0.005988023952095809)
(-1, 1, 0.000783733814907657, 0.00783725871835897, 0.005952380952380952)
(1, -1, 0.000788398896175546, 0.00788390810417555, 0.005917159763313609)
(-1, 1, 0.000793063977426278, 0.00793055747283439, 0.0058823529411764705)
(1, -1, 0.000797729058659751, 0.00797720682423395, 0.005847953216374269)
(-1, 1, 0.000802394139875862, 0.00802385615827272, 0.005813953488372093)
(-1, -1, 0.000807059221074511, 0.00807050547484917, 0.005780346820809248)
(1, 1, 0.000811724302255596, 0.00811715477386179, 0.005747126436781609)
(1, -1, 0.000816389383419016, 0.00816380405520905, 0.005714285714285714)
(1, 1, 0.000821054464564668, 0.00821045331878942, 0.005681818181818182)
(-1, -1, 0.000825719545692452, 0.00825710256450138, 0.005649717514124294)
(-1, 1, 0.000830384626802265, 0.00830375179224342, 0.0056179775280898875)
(-1, -1, 0.000835049707894007, 0.00835040100191400, 0.00558659217877095)
(-1, 1, 0.000839714788967576, 0.00839705019341161, 0.005555555555555556)
