508.917286346032
(1, -1, 4.91604345453500e-6, 0.951054085640177, 1.0)
(1, 1, 9.83208690895120e-6, 0.587797979140381, 0.5)
(1, -1, 0.0000147481303631298, -0.587766161747871, 0.3333333333333333)
(1, 1, 0.0000196641738169519, -0.951066238326651, 0.25)
(1, -1, 0.0000245802172702988, -0.0000393283476263001, 0.2)
(1, 1, 0.0000294962607230517, 0.951041931482690, 0.16666666666666666)
(-1, -1, 0.0000344123041750917, 0.587829795623733, 0.14285714285714285)
(1, 1, 0.0000393283476263001, -0.587734343446252, 0.125)
(1, -1, 0.0000442443910765580, -0.951078389542092, 0.1111111111111111)
(1, 1, 0.0000491604345257466, -0.0000786566951917703, 0.1)
(1, -1, 0.0000540764779737472, 0.951029775854209, 0.09090909090909091)
(1, 1, 0.0000589925214204408, 0.587861611197877, 0.08333333333333333)
(-1, -1, 0.0000639085648657088, -0.587702524235573, 0.07692307692307693)
(-1, 1, 0.0000688246083094322, -0.951090539286483, 0.07142857142857142)
(1, -1, 0.0000737406517514923, -0.000117985042635581, 0.06666666666666667)
(1, 1, 0.0000786566951917703, 0.951017618754751, 0.0625)
(1, -1, 0.0000835727386301474, 0.587893425862765, 0.058823529411764705)
(1, 1, 0.0000884887820665047, -0.587670704115883, 0.05555555555555555)
(-1, -1, 0.0000934048255007235, -0.951102687559803, 0.05263157894736842)
(1, 1, 0.0000983208689326849, -0.000157313389896901, 0.05)
(-1, -1, 0.000103236912362270, 0.951005460184337, 0.047619047619047616)
(1, 1, 0.000108152955789360, 0.587925239618347, 0.045454545454545456)
(-1, -1, 0.000113068999213837, -0.587638883087232, 0.043478260869565216)
(1, 1, 0.000117985042635581, -0.951114834362036, 0.041666666666666664)
(1, -1, 0.000122901086054473, -0.000196641736914903, 0.04)
(-1, 1, 0.000127817129470396, 0.950993300142985, 0.038461538461538464)
(1, -1, 0.000132733172883229, 0.587957052464573, 0.037037037037037035)
(-1, 1, 0.000137649216292854, -0.587607061149669, 0.03571428571428571)
(1, -1, 0.000142565259699153, -0.951126979693161, 0.034482758620689655)
(1, 1, 0.000147481303102006, -0.000235970083628754, 0.03333333333333333)
(-1, -1, 0.000152397346501295, 0.950981138630713, 0.03225806451612903)
(1, 1, 0.000157313389896901, 0.587988864401396, 0.03125)
(1, -1, 0.000162229433288706, -0.587575238303243, 0.030303030303030304)
(1, 1, 0.000167145476676589, -0.951139123553159, 0.029411764705882353)
(-1, -1, 0.000172061520060433, -0.000275298429977626, 0.02857142857142857)
(1, 1, 0.000176977563440119, 0.950968975647541, 0.027777777777777776)
(-1, -1, 0.000181893606815527, 0.588020675428765, 0.02702702702702703)
(-1, 1, 0.000186809650186540, -0.587543414548003, 0.02631578947368421)
(-1, -1, 0.000191725693553038, -0.951151265942013, 0.02564102564102564)
(1, 1, 0.000196641736914903, -0.000314626775900689, 0.025)
(1, -1, 0.000201557780272015, 0.950956811193487, 0.024390243902439025)
(-1, 1, 0.000206473823624256, 0.588052485546631, 0.023809523809523808)
(-1, -1, 0.000211389866971507, -0.587511589883998, 0.023255813953488372)
(1, 1, 0.000216305910313649, -0.951163406859703, 0.022727272727272728)
(1, -1, 0.000221221953650564, -0.000353955121337113, 0.022222222222222223)
(-1, 1, 0.000226137996982132, 0.950944645268570, 0.021739130434782608)
(1, -1, 0.000231054040308235, 0.588084294754945, 0.02127659574468085)
(1, 1, 0.000235970083628754, -0.587479764311278, 0.020833333333333332)
(1, -1, 0.000240886126943571, -0.951175546306211, 0.02040816326530612)
(1, 1, 0.000245802170252565, -0.000393283466226068, 0.02)
(1, -1, 0.000250718213555620, 0.950932477872809, 0.0196078431372549)
(-1, 1, 0.000255634256852615, 0.588116103053659, 0.019230769230769232)
(1, -1, 0.000260550300143432, -0.587447937829893, 0.018867924528301886)
(1, 1, 0.000265466343427952, -0.951187684281518, 0.018518518518518517)
(1, -1, 0.000270382386706056, -0.000432611810506724, 0.01818181818181818)
(-1, 1, 0.000275298429977626, 0.950920309006223, 0.017857142857142856)
(-1, -1, 0.000280214473242543, 0.588147910442721, 0.017543859649122806)
(1, 1, 0.000285130516500688, -0.587416110439890, 0.017241379310344827)
(1, -1, 0.000290046559751942, -0.951199820785604, 0.01694915254237288)
(1, 1, 0.000294962602996186, -0.000471940154118250, 0.016666666666666666)
(1, -1, 0.000299878646233302, 0.950908138668831, 0.01639344262295082)
(-1, 1, 0.000304794689463170, 0.588179716922085, 0.016129032258064516)
(-1, -1, 0.000309710732685672, -0.587384282141320, 0.015873015873015872)
(1, 1, 0.000314626775900689, -0.951211955818452, 0.015625)
(-1, -1, 0.000319542819108103, -0.000511268496999818, 0.015384615384615385)
(1, 1, 0.000324458862307794, 0.950895966860650, 0.015151515151515152)
(-1, -1, 0.000329374905499644, 0.588211522491699, 0.014925373134328358)
(1, 1, 0.000334290948683533, -0.587352452934231, 0.014705882352941176)
(-1, -1, 0.000339206991859344, -0.951224089380043, 0.014492753623188406)
(-1, 1, 0.000344123035026956, -0.000550596839090598, 0.014285714285714285)
(1, -1, 0.000349039078186252, 0.950883793581701, 0.014084507042253521)
(1, 1, 0.000353955121337113, 0.588243327151516, 0.013888888888888888)
(-1, -1, 0.000358871164479420, -0.587320622818673, 0.0136986301369863)
(-1, 1, 0.000363787207613053, -0.951236221470356, 0.013513513513513514)
(1, -1, 0.000368703250737895, -0.000589925180329759, 0.013333333333333334)
(-1, 1, 0.000373619293853826, 0.950871618832002, 0.013157894736842105)
(-1, -1, 0.000378535336960728, 0.588275130901486, 0.012987012987012988)
(-1, 1, 0.000383451380058481, -0.587288791794696, 0.01282051282051282)
(1, -1, 0.000388367423146967, -0.951248352089375, 0.012658227848101266)
(1, 1, 0.000393283466226068, -0.000629253520656471, 0.0125)
(1, -1, 0.000398199509295664, 0.950859442611572, 0.012345679012345678)
(1, 1, 0.000403115552355636, 0.588306933741559, 0.012195121951219513)
(-1, -1, 0.000408031595405866, -0.587256959862347, 0.012048192771084338)
(-1, 1, 0.000412947638446235, -0.951260481237081, 0.011904761904761904)
(1, -1, 0.000417863681476624, -0.000668581860009905, 0.011764705882352941)
(-1, 1, 0.000422779724496914, 0.950847264920430, 0.011627906976744186)
(1, -1, 0.000427695767506987, 0.588338735671687, 0.011494252873563218)
(1, 1, 0.000432611810506724, -0.587225127021677, 0.011363636363636364)
(-1, -1, 0.000437527853496005, -0.951272608913453, 0.011235955056179775)
(1, 1, 0.000442443896474712, -0.000707910198329231, 0.011111111111111112)
(1, -1, 0.000447359939442727, 0.950835085758594, 0.01098901098901099)
(-1, 1, 0.000452275982399930, 0.588370536691820, 0.010869565217391304)
(-1, -1, 0.000457192025346203, -0.587193293272735, 0.010752688172043012)
(1, 1, 0.000462108068281426, -0.951284735118474, 0.010638297872340425)
(-1, -1, 0.000467024111205482, -0.000747238535553618, 0.010526315789473684)
(1, 1, 0.000471940154118250, 0.950822905126083, 0.010416666666666666)
(-1, -1, 0.000476856197019613, 0.588402336801910, 0.010309278350515464)
(1, 1, 0.000481772239909452, -0.587161458615570, 0.01020408163265306)
(1, -1, 0.000486688282787648, -0.951296859852125, 0.010101010101010102)
(1, 1, 0.000491604325654081, -0.000786566871622238, 0.01)
(1, -1, 0.000496520368508634, 0.950810723022917, 0.009900990099009901)
(1, 1, 0.000501436411351187, 0.588434136001906, 0.00980392156862745)
(-1, -1, 0.000506352454181621, -0.587129623050231, 0.009708737864077669)
(-1, 1, 0.000511268496999818, -0.951308983114387, 0.009615384615384616)
(-1, -1, 0.000516184539805660, -0.000825895206474260, 0.009523809523809525)
(1, 1, 0.000521100582599026, 0.950798539449114, 0.009433962264150943)
(-1, -1, 0.000526016625379798, 0.588465934291761, 0.009345794392523364)
(1, 1, 0.000530932668147858, -0.587097786576768, 0.009259259259259259)
(-1, -1, 0.000535848710903087, -0.951321104905242, 0.009174311926605505)
(1, 1, 0.000540764753645366, -0.000865223540048854, 0.00909090909090909)
(-1, -1, 0.000545680796374576, 0.950786354404693, 0.009009009009009009)
(-1, 1, 0.000550596839090598, 0.588497731671423, 0.008928571428571428)
(-1, -1, 0.000555512881793313, -0.587065949195229, 0.008849557522123894)
(-1, 1, 0.000560428924482603, -0.951333225224670, 0.008771929824561403)
(-1, -1, 0.000565344967158349, -0.000904551872285191, 0.008695652173913044)
(1, 1, 0.000570261009820432, 0.950774167889672, 0.008620689655172414)
(-1, -1, 0.000575177052468733, 0.588529528140846, 0.008547008547008548)
(1, 1, 0.000580093095103134, -0.587034110905665, 0.00847457627118644)
(-1, -1, 0.000585009137723515, -0.951345344072653, 0.008403361344537815)
(1, 1, 0.000589925180329759, -0.000943880203122440, 0.008333333333333333)
(1, -1, 0.000594841222921745, 0.950761979904071, 0.008264462809917356)
(1, 1, 0.000599757265499355, 0.588561323699978, 0.00819672131147541)
(1, -1, 0.000604673308062470, -0.587002271708124, 0.008130081300813009)
(-1, 1, 0.000609589350610973, -0.951357461449172, 0.008064516129032258)
(1, -1, 0.000614505393144743, -0.000983208532499771, 0.008)
(-1, 1, 0.000619421435663662, 0.950749790447909, 0.007936507936507936)
(-1, -1, 0.000624337478167611, 0.588593118348772, 0.007874015748031496)
(1, 1, 0.000629253520656471, -0.586970431602655, 0.0078125)
(-1, -1, 0.000634169563130124, -0.951369577354209, 0.007751937984496124)
(-1, 1, 0.000639085605588450, -0.00102253686035636, 0.007692307692307693)
(-1, -1, 0.000644001648031332, 0.950737599521204, 0.007633587786259542)
(1, 1, 0.000648917690458650, 0.588624912087177, 0.007575757575757576)
(1, -1, 0.000653833732870284, -0.586938590589307, 0.007518796992481203)
(-1, 1, 0.000658749775266118, -0.951381691787744, 0.007462686567164179)
(1, -1, 0.000663665817646031, -0.00106186518663136, 0.007407407407407408)
(1, 1, 0.000668581860009905, 0.950725407123974, 0.007352941176470588)
(1, -1, 0.000673497902357621, 0.588656704915145, 0.0072992700729927005)
(-1, 1, 0.000678413944689060, -0.586906748668131, 0.007246376811594203)
(1, -1, 0.000683329987004104, -0.951393804749760, 0.007194244604316547)
(-1, 1, 0.000688246029302633, -0.00110119351126396, 0.007142857142857143)
(1, -1, 0.000693162071584529, 0.950713213256240, 0.0070921985815602835)
(1, 1, 0.000698078113849674, 0.588688496832627, 0.007042253521126761)
(-1, -1, 0.000702994156097947, -0.586874905839175, 0.006993006993006993)
(1, 1, 0.000707910198329231, -0.951405916240236, 0.006944444444444444)
(1, -1, 0.000712826240543406, -0.00114052183419333, 0.006896551724137931)
(-1, 1, 0.000717742282740354, 0.950701017918020, 0.00684931506849315)
(1, -1, 0.000722658324919957, 0.588720287839573, 0.006802721088435374)
(-1, 1, 0.000727574367082094, -0.586843062102489, 0.006756756756756757)
(-1, -1, 0.000732490409226647, -0.951418026259155, 0.006711409395973154)
(1, 1, 0.000737406451353499, -0.00117985015535862, 0.006666666666666667)
(1, -1, 0.000742322493462529, 0.950688821109333, 0.006622516556291391)
(-1, 1, 0.000747238535553618, 0.588752077935934, 0.006578947368421052)
(1, -1, 0.000752154577626650, -0.586811217458121, 0.006535947712418301)
(-1, 1, 0.000757070619681503, -0.951430134806498, 0.006493506493506494)
(-1, -1, 0.000761986661718060, -0.00121917847469902, 0.0064516129032258064)
(-1, 1, 0.000766902703736201, 0.950676622830197, 0.00641025641025641)
(-1, -1, 0.000771818745735809, 0.588783867121661, 0.006369426751592357)
(1, 1, 0.000776734787716763, -0.586779371906121, 0.006329113924050633)
(1, -1, 0.000781650829678946, -0.951442241882245, 0.006289308176100629)
(1, 1, 0.000786566871622238, -0.00125850679215370, 0.00625)
(1, -1, 0.000791482913546521, 0.950664423080632, 0.006211180124223602)
(1, 1, 0.000796398955451676, 0.588815655396705, 0.006172839506172839)
(-1, -1, 0.000801314997337584, -0.586747525446539, 0.006134969325153374)
(1, 1, 0.000806231039204126, -0.951454347486379, 0.006097560975609756)
(1, -1, 0.000811147081051183, -0.00129783510766181, 0.006060606060606061)
(-1, 1, 0.000816063122878637, 0.950652221860656, 0.006024096385542169)
(1, -1, 0.000820979164686369, 0.588847442761017, 0.005988023952095809)
(-1, 1, 0.000825895206474260, -0.586715678079423, 0.005952380952380952)
(1, -1, 0.000830811248242191, -0.951466451618881, 0.005917159763313609)
(1, 1, 0.000835727289990044, -0.00133716342116255, 0.0058823529411764705)
(-1, -1, 0.000840643331717699, 0.950640019170288, 0.005847953216374269)
(-1, 1, 0.000845559373425037, 0.588879229214547, 0.005813953488372093)
(1, -1, 0.000850475415111941, -0.586683829804822, 0.005780346820809248)
(1, 1, 0.000855391456778291, -0.951478554279731, 0.005747126436781609)
(-1, -1, 0.000860307498423968, -0.00137649173259506, 0.005714285714285714)
(1, 1, 0.000865223540048854, 0.950627815009547, 0.005681818181818182)
(1, -1, 0.000870139581652830, 0.588911014757247, 0.005649717514124294)
(-1, 1, 0.000875055623235776, -0.586651980622787, 0.0056179775280898875)
