522.426724954643
(1, -1, 4.66508270915541e-6, 0.587779968496268, 1.0)
(-1, 1, 9.33016541820929e-6, 0.951052479762474, 0.5)
(1, -1, 0.0000139952481270601, 0.951062570789915, 0.3333333333333333)
(1, 1, 0.0000186603308356064, 0.587806387226567, 0.25)
(-1, -1, 0.0000233254135437465, 0.0000326555789584024, 0.2)
(-1, 1, 0.0000279904962513790, -0.587753549139169, 0.16666666666666666)
(1, -1, 0.0000326555789584024, -0.951042387720843, 0.14285714285714285)
(-1, 1, 0.0000373206616647151, -0.951072660803155, 0.125)
(1, -1, 0.0000419857443702155, -0.587832805330037, 0.1111111111111111)
(1, 1, 0.0000466508270748022, -0.0000653111578819813, 0.1)
(1, -1, 0.0000513159097783737, 0.587727129155296, 0.09090909090909091)
(1, 1, 0.0000559809924808284, 0.951032294665033, 0.08333333333333333)
(1, -1, 0.0000606460751820648, 0.951082749802185, 0.07692307692307693)
(-1, 1, 0.0000653111578819813, 0.587859222806650, 0.07142857142857142)
(-1, -1, 0.0000699762405804764, 0.0000979667367359132, 0.06666666666666667)
(1, 1, 0.0000746413232774487, -0.587700708544680, 0.0625)
(-1, -1, 0.0000793064059727965, -0.951022200595054, 0.058823529411764705)
(-1, 1, 0.0000839714886664185, -0.951092837786992, 0.05555555555555555)
(1, -1, 0.0000886365713582129, -0.587885639656377, 0.05263157894736842)
(-1, 1, 0.0000933016540480783, -0.000130622315485375, 0.05)
(1, -1, 0.0000979667367359132, 0.587674287307347, 0.047619047619047616)
(-1, 1, 0.000102631819421616, 0.951012105510918, 0.045454545454545456)
(1, -1, 0.000107296902105085, 0.951102924757566, 0.043478260869565216)
(-1, 1, 0.000111961984786220, 0.587912055879191, 0.041666666666666664)
(1, -1, 0.000116627067464917, 0.000163277894095542, 0.04)
(-1, 1, 0.000121292150141077, -0.587647865443325, 0.038461538461538464)
(1, -1, 0.000125957232814596, -0.951002009412635, 0.037037037037037035)
(1, 1, 0.000130622315485375, -0.951113010713897, 0.03571428571428571)
(-1, -1, 0.000135287398153310, -0.587938471475063, 0.034482758620689655)
(1, 1, 0.000139952480818302, -0.000195933472531592, 0.03333333333333333)
(-1, -1, 0.000144617563480248, 0.587621442952644, 0.03225806451612903)
(-1, 1, 0.000149282646139046, 0.950991912300217, 0.03125)
(1, -1, 0.000153947728794596, 0.951123095655973, 0.030303030303030304)
(1, 1, 0.000158612811446795, 0.587964886443965, 0.029411764705882353)
(-1, -1, 0.000163277894095542, 0.000228589050758702, 0.02857142857142857)
(1, 1, 0.000167942976740736, -0.587595019835331, 0.027777777777777776)
(1, -1, 0.000172608059382275, -0.950981814173673, 0.02702702702702703)
(-1, 1, 0.000177273142020058, -0.951133179583784, 0.02631578947368421)
(1, -1, 0.000181938224653982, -0.587991300785869, 0.02564102564102564)
(1, 1, 0.000186603307283947, -0.000261244628742047, 0.025)
(1, -1, 0.000191268389909851, 0.587568596091415, 0.024390243902439025)
(-1, 1, 0.000195933472531592, 0.950971715033014, 0.023809523809523808)
(-1, -1, 0.000200598555149070, 0.951143262497319, 0.023255813953488372)
(1, 1, 0.000205263637762181, 0.588017714500748, 0.022727272727272728)
(-1, -1, 0.000209928720370826, 0.000293900206446804, 0.022222222222222223)
(-1, 1, 0.000214593802974902, -0.587542171720923, 0.021739130434782608)
(1, -1, 0.000219258885574307, -0.950961614878252, 0.02127659574468085)
(1, 1, 0.000223923968168941, -0.951153344396567, 0.020833333333333332)
(1, -1, 0.000228589050758702, -0.588044127588571, 0.02040816326530612)
(-1, 1, 0.000233254133343488, -0.000326555783838150, 0.02)
(-1, -1, 0.000237919215923197, 0.587515746723884, 0.0196078431372549)
(1, 1, 0.000242584298497729, 0.950951513709397, 0.019230769230769232)
(1, -1, 0.000247249381066981, 0.951163425281518, 0.018867924528301886)
(-1, 1, 0.000251914463630853, 0.588070540049313, 0.018518518518518517)
(-1, -1, 0.000256579546189242, 0.000359211360881261, 0.01818181818181818)
(-1, 1, 0.000261244628742047, -0.587489321100326, 0.017857142857142856)
(1, -1, 0.000265909711289166, -0.950941411526459, 0.017543859649122806)
(1, 1, 0.000270574793830499, -0.951173505152161, 0.017241379310344827)
(-1, -1, 0.000275239876365943, -0.588096951882943, 0.01694915254237288)
(-1, 1, 0.000279904958895397, -0.000391866937541314, 0.016666666666666666)
(1, -1, 0.000284570041418760, 0.587462894850277, 0.01639344262295082)
(1, 1, 0.000289235123935929, 0.950931308329450, 0.016129032258064516)
(1, -1, 0.000293900206446804, 0.951183584008485, 0.015873015873015872)
(1, 1, 0.000298565288951282, 0.588123363089435, 0.015625)
(-1, -1, 0.000303230371449263, 0.000424522513783484, 0.015384615384615385)
(-1, 1, 0.000307895453940645, -0.587436467973765, 0.015151515151515152)
(-1, -1, 0.000312560536425326, -0.950921204118381, 0.014925373134328358)
(-1, 1, 0.000317225618903205, -0.951193661850479, 0.014705882352941176)
(1, -1, 0.000321890701374180, -0.588149773668759, 0.014492753623188406)
(1, 1, 0.000326555783838150, -0.000457178089572950, 0.014285714285714285)
(1, -1, 0.000331220866295013, 0.587410040470818, 0.014084507042253521)
(-1, 1, 0.000335885948744667, 0.950911098893262, 0.013888888888888888)
(1, -1, 0.000340551031187012, 0.951203738678133, 0.0136986301369863)
(-1, 1, 0.000345216113621945, 0.588176183620889, 0.013513513513513514)
(1, -1, 0.000349881196049365, 0.000489833664874887, 0.013333333333333334)
(1, 1, 0.000354546278469171, -0.587383612341466, 0.013157894736842105)
(1, -1, 0.000359211360881261, -0.950900992654103, 0.012987012987012988)
(-1, 1, 0.000363876443285533, -0.951213814491436, 0.01282051282051282)
(-1, -1, 0.000368541525681886, -0.588202592945795, 0.012658227848101266)
(-1, 1, 0.000373206608070219, -0.000522489239654472, 0.0125)
(1, -1, 0.000377871690450430, 0.587357183585735, 0.012345679012345678)
(-1, 1, 0.000382536772822417, 0.950890885400917, 0.012195121951219513)
(-1, -1, 0.000387201855186078, 0.951223889290377, 0.012048192771084338)
(1, 1, 0.000391866937541314, 0.588229001643450, 0.011904761904761904)
(1, -1, 0.000396532019888020, 0.000555144813876882, 0.011764705882352941)
(1, 1, 0.000401197102226098, -0.587330754203654, 0.011627906976744186)
(-1, -1, 0.000405862184555444, -0.950880777133712, 0.011494252873563218)
(-1, 1, 0.000410527266875957, -0.951233963074945, 0.011363636363636364)
(1, -1, 0.000415192349187536, -0.588255409713825, 0.011235955056179775)
(1, 1, 0.000419857431490079, -0.000587800387507292, 0.011111111111111112)
(1, -1, 0.000424522513783484, 0.587304324195252, 0.01098901098901099)
(1, 1, 0.000429187596067651, 0.950870667852501, 0.010869565217391304)
(-1, -1, 0.000433852678342478, 0.951244035845130, 0.010752688172043012)
(-1, 1, 0.000438517760607862, 0.588281817156892, 0.010638297872340425)
(-1, -1, 0.000443182842863703, 0.000620455960510879, 0.010526315789473684)
(-1, 1, 0.000447847925109899, -0.587277893560555, 0.010416666666666666)
(1, -1, 0.000452513007346349, -0.950860557557294, 0.010309278350515464)
(-1, 1, 0.000457178089572950, -0.951254107600921, 0.01020408163265306)
(1, -1, 0.000461843171789602, -0.588308223972623, 0.010101010101010102)
(1, 1, 0.000466508253996203, -0.000653111532852821, 0.01)
(-1, -1, 0.000471173336192651, 0.587251462299594, 0.009900990099009901)
(1, 1, 0.000475838418378845, 0.950850446248102, 0.00980392156862745)
(-1, -1, 0.000480503500554684, 0.951264178342307, 0.009708737864077669)
(-1, 1, 0.000485168582720065, 0.588334630160990, 0.009615384615384616)
(-1, -1, 0.000489833664874887, 0.000685767104498293, 0.009523809523809525)
(-1, 1, 0.000494498747019050, -0.587225030412395, 0.009433962264150943)
(-1, -1, 0.000499163829152450, -0.950840333924936, 0.009345794392523364)
(1, 1, 0.000503828911274987, -0.951274248069277, 0.009259259259259259)
(1, -1, 0.000508493993386560, -0.588361035721965, 0.009174311926605505)
(1, 1, 0.000513159075487066, -0.000718422675412472, 0.00909090909090909)
(1, -1, 0.000517824157576404, 0.587198597898987, 0.009009009009009009)
(1, 1, 0.000522489239654472, 0.950830220587806, 0.008928571428571428)
(1, -1, 0.000527154321721170, 0.951284316781821, 0.008849557522123894)
(-1, 1, 0.000531819403776395, 0.588387440655519, 0.008771929824561403)
(-1, -1, 0.000536484485820047, 0.000751078245560534, 0.008695652173913044)
(-1, 1, 0.000541149567852022, -0.587172164759398, 0.008620689655172414)
(1, -1, 0.000545814649872221, -0.950820106236723, 0.008547008547008548)
(1, 1, 0.000550479731880542, -0.951294384479928, 0.00847457627118644)
(-1, -1, 0.000555144813876882, -0.588413844961625, 0.008403361344537815)
(1, 1, 0.000559809895861140, -0.000783733814907657, 0.008333333333333333)
(1, -1, 0.000564474977833215, 0.587145730993657, 0.008264462809917356)
(-1, 1, 0.000569140059793006, 0.950809990871698, 0.00819672131147541)
(1, -1, 0.000573805141740411, 0.951304451163587, 0.008130081300813009)
(-1, 1, 0.000578470223675327, 0.588440248640254, 0.008064516129032258)
(-1, -1, 0.000583135305597655, 0.000816389383419016, 0.008)
(-1, 1, 0.000587800387507292, -0.587119296601791, 0.007936507936507936)
(-1, -1, 0.000592465469404136, -0.950799874492742, 0.007874015748031496)
(-1, 1, 0.000597130551288087, -0.951314516832788, 0.0078125)
(-1, -1, 0.000601795633159042, -0.588466651691377, 0.007751937984496124)
(1, 1, 0.000606460715016901, -0.000849044951059788, 0.007692307692307693)
(1, -1, 0.000611125796861560, 0.587092861583829, 0.007633587786259542)
(1, 1, 0.000615790878692921, 0.950789757099865, 0.007575757575757576)
(1, -1, 0.000620455960510879, 0.951324581487519, 0.007518796992481203)
(1, 1, 0.000625121042315335, 0.588493054114968, 0.007462686567164179)
(-1, -1, 0.000629786124106186, 0.000881700517795150, 0.007407407407407408)
(1, 1, 0.000634451205883331, -0.587066425939799, 0.007352941176470588)
(1, -1, 0.000639116287646669, -0.950779638693079, 0.0072992700729927005)
(-1, 1, 0.000643781369396097, -0.951334645127770, 0.007246376811594203)
(1, -1, 0.000648446451131515, -0.588519455910998, 0.007194244604316547)
(-1, 1, 0.000653111532852821, -0.000914356083590278, 0.007142857142857143)
(1, -1, 0.000657776614559913, 0.587039989669729, 0.0070921985815602835)
(-1, 1, 0.000662441696252690, 0.950769519272393, 0.007042253521126761)
(1, -1, 0.000667106777931050, 0.951344707753531, 0.006993006993006993)
(1, 1, 0.000671771859594892, 0.588545857079438, 0.006944444444444444)
(1, -1, 0.000676436941244114, 0.000947011648410348, 0.006896551724137931)
(-1, 1, 0.000681102022878615, -0.587013552773647, 0.00684931506849315)
(1, -1, 0.000685767104498293, -0.950759398837820, 0.006802721088435374)
(1, 1, 0.000690432186103046, -0.951354769364790, 0.006756756756756757)
(1, -1, 0.000695097267692774, -0.588572257620261, 0.006711409395973154)
(-1, 1, 0.000699762349267375, -0.000979667212220538, 0.006666666666666667)
(-1, -1, 0.000704427430826746, 0.586987115251582, 0.006622516556291391)
(-1, 1, 0.000709092512370787, 0.950749277389369, 0.006578947368421052)
(-1, -1, 0.000713757593899396, 0.951364829961536, 0.006535947712418301)
(-1, 1, 0.000718422675412472, 0.588598657533438, 0.006493506493506494)
(1, -1, 0.000723087756909912, 0.00101232277498602, 0.0064516129032258064)
(1, 1, 0.000727752838391616, -0.586960677103561, 0.00641025641025641)
(-1, -1, 0.000732417919857482, -0.950739154927052, 0.006369426751592357)
(1, 1, 0.000737083001307408, -0.951374889543760, 0.006329113924050633)
(1, -1, 0.000741748082741293, -0.588625056818941, 0.006289308176100629)
(1, 1, 0.000746413164159036, -0.00104497833667198, 0.00625)
(1, -1, 0.000751078245560534, 0.586934238329613, 0.006211180124223602)
(-1, 1, 0.000755743326945687, 0.950729031450879, 0.006172839506172839)
(-1, -1, 0.000760408408314392, 0.951384948111450, 0.006134969325153374)
(1, 1, 0.000765073489666549, 0.588651455476742, 0.006097560975609756)
(-1, -1, 0.000769738571002055, 0.00107763389724359, 0.006060606060606061)
(1, 1, 0.000774403652320809, -0.586907798929766, 0.006024096385542169)
(1, -1, 0.000779068733622710, -0.950718906960861, 0.005988023952095809)
(-1, 1, 0.000783733814907657, -0.951395005664596, 0.005952380952380952)
(1, -1, 0.000788398896175546, -0.588677853506813, 0.005917159763313609)
(-1, 1, 0.000793063977426278, -0.00111028945666602, 0.0058823529411764705)
(1, -1, 0.000797729058659751, 0.586881358904049, 0.005847953216374269)
(-1, 1, 0.000802394139875862, 0.950708781457009, 0.005813953488372093)
(-1, -1, 0.000807059221074511, 0.951405062203187, 0.005780346820809248)
(1, 1, 0.000811724302255596, 0.588704250909125, 0.005747126436781609)
(1, -1, 0.000816389383419016, 0.00114294501490446, 0.005714285714285714)
(1, 1, 0.000821054464564668, -0.586854918252489, 0.005681818181818182)
(-1, -1, 0.000825719545692452, -0.950698654939334, 0.005649717514124294)
(-1, 1, 0.000830384626802265, -0.951415117727212, 0.0056179775280898875)
(-1, -1, 0.000835049707894007, -0.588730647683651, 0.00558659217877095)
(-1, 1, 0.000839714788967576, -0.00117560057192407, 0.005555555555555556)
