469.937089109854
(1, -1, 5.76541632836007e-6, 0.0627901742869338, 1.0)
(1, 1, 0.0000115308326565285, 0.125332547169758, 0.5)
(-1, -1, 0.0000172962489843136, 0.187380295192532, 0.3333333333333333)
(1, 1, 0.0000230616653115239, 0.248688546936175, 0.25)
(-1, -1, 0.0000288270816379675, 0.309015349403455, 0.2)
(-1, 1, 0.0000345924979634529, 0.368122622886413, 0.16666666666666666)
(-1, -1, 0.0000403579142877885, 0.425777100547866, 0.14285714285714285)
(1, 1, 0.0000461233306107826, 0.481751249008906, 0.125)
(1, -1, 0.0000518887469322435, 0.535824166309315, 0.1111111111111111)
(-1, 1, 0.0000576541632519797, 0.587782453697083, 0.1)
(1, -1, 0.0000634195795697994, 0.637421057806518, 0.09090909090909091)
(-1, 1, 0.0000691849958855111, 0.684544079901299, 0.08333333333333333)
(-1, -1, 0.0000749504121989230, 0.728965548988772, 0.07692307692307693)
(-1, 1, 0.0000807158285098436, 0.770510155754423, 0.07142857142857142)
(1, -1, 0.0000864812448180812, 0.809013944420034, 0.06666666666666667)
(1, 1, 0.0000922466611234442, 0.844324959795112, 0.0625)
(1, -1, 0.0000980120774257409, 0.876303846968002, 0.058823529411764705)
(1, 1, 0.000103777493724780, 0.904824401270009, 0.05555555555555555)
(1, -1, 0.000109542910020369, 0.929774066342079, 0.05263157894736842)
(-1, 1, 0.000115308326312317, 0.951054378338442, 0.05)
(1, -1, 0.000121073742600432, 0.968581354514147, 0.047619047619047616)
(1, 1, 0.000126839158884523, 0.982285824662939, 0.045454545454545456)
(1, -1, 0.000132604575164397, 0.992113704097462, 0.043478260869565216)
(-1, 1, 0.000138369991439864, 0.998026207094456, 0.041666666666666664)
(1, -1, 0.000144135407710731, 0.999999999962605, 0.04)
(-1, 1, 0.000149900823976807, 0.998027293128944, 0.038461538461538464)
(-1, -1, 0.000155666240237901, 0.992115871880404, 0.037037037037037035)
(-1, 1, 0.000161431656493820, 0.982289065639180, 0.03571428571428571)
(1, -1, 0.000167197072744373, 0.968585655893174, 0.034482758620689655)
(1, 1, 0.000172962488989369, 0.951059723144865, 0.03333333333333333)
(-1, -1, 0.000178727905228615, 0.929780433482621, 0.03225806451612903)
(1, 1, 0.000184493321461920, 0.904831765616752, 0.03125)
(-1, -1, 0.000190258737689093, 0.876312179457554, 0.030303030303030304)
(1, 1, 0.000196024153909942, 0.844334227543304, 0.029411764705882353)
(1, -1, 0.000201789570124274, 0.809024110851702, 0.02857142857142857)
(1, 1, 0.000207554986331900, 0.770521180747747, 0.027777777777777776)
(1, -1, 0.000213320402532626, 0.728977389033619, 0.02702702702702703)
(1, 1, 0.000219085818726261, 0.684556688270936, 0.02631578947368421)
(1, -1, 0.000224851234912614, 0.637434384742018, 0.02564102564102564)
(-1, 1, 0.000230616651091493, 0.587796446603698, 0.025)
(-1, -1, 0.000236382067262706, 0.535838769964044, 0.024390243902439025)
(1, 1, 0.000242147483426062, 0.481766405778430, 0.023809523809523808)
(1, -1, 0.000247912899581369, 0.425792750615998, 0.023255813953488372)
(1, 1, 0.000253678315728435, 0.368138704490164, 0.022727272727272728)
(-1, -1, 0.000259443731867069, 0.309031799076781, 0.022222222222222223)
(1, 1, 0.000265209147997079, 0.248705299760445, 0.021739130434782608)
(-1, -1, 0.000270974564118273, 0.187397285052730, 0.02127659574468085)
(-1, 1, 0.000276739980230461, 0.125349707015406, 0.020833333333333332)
(1, -1, 0.000282505396333449, 0.0628074363967053, 0.02040816326530612)
(1, 1, 0.000288270812427047, 0.0000172962489843136, 0.02)
(-1, -1, 0.000294036228511063, -0.0627729121583781, 0.0196078431372549)
(-1, 1, 0.000299801644585305, -0.125315387286616, 0.019230769230769232)
(1, -1, 0.000305567060649581, -0.187363305276277, 0.018867924528301886)
(-1, 1, 0.000311332476703701, -0.248671794037508, 0.018518518518518517)
(-1, -1, 0.000317097892747472, -0.308998899637684, 0.01818181818181818)
(-1, 1, 0.000322863308780702, -0.368106541172534, 0.017857142857142856)
(-1, -1, 0.000328628724803201, -0.425761450352358, 0.017543859649122806)
(1, 1, 0.000334394140814775, -0.481736092095262, 0.017241379310344827)
(1, -1, 0.000340159556815235, -0.535809562494289, 0.01694915254237288)
(1, 1, 0.000345924972804388, -0.587768460614627, 0.016666666666666666)
(-1, -1, 0.000351690388782042, -0.637407730680328, 0.01639344262295082)
(-1, 1, 0.000357455804748006, -0.684531471326874, 0.016129032258064516)
(-1, -1, 0.000363221220702088, -0.728953708725847, 0.015873015873015872)
(1, 1, 0.000368986636644097, -0.770499130530593, 0.015625)
(1, -1, 0.000374752052573840, -0.809003777746341, 0.015384615384615385)
(-1, 1, 0.000380517468491127, -0.844315691794331, 0.015151515151515152)
(-1, -1, 0.000386282884395765, -0.876295514216295, 0.014925373134328358)
(1, 1, 0.000392048300287563, -0.904817036652578, 0.014705882352941176)
(-1, -1, 0.000397813716166330, -0.929767698923385, 0.014492753623188406)
(1, 1, 0.000403579132031873, -0.951049033247501, 0.014285714285714285)
(-1, -1, 0.000409344547884001, -0.968577052845358, 0.014084507042253521)
(1, 1, 0.000415109963722523, -0.982282583392838, 0.013888888888888888)
(-1, -1, 0.000420875379547246, -0.992111536017719, 0.0136986301369863)
(1, 1, 0.000426640795357980, -0.998025120761398, 0.013513513513513514)
(-1, -1, 0.000432406211154532, -0.999999999663445, 0.013333333333333334)
(1, 1, 0.000438171626936711, -0.998028378864862, 0.013157894736842105)
(-1, -1, 0.000443937042704324, -0.992118039366544, 0.012987012987012988)
(1, 1, 0.000449702458457182, -0.982292306321558, 0.01282051282051282)
(-1, -1, 0.000455467874195091, -0.968589956982439, 0.012658227848101266)
(-1, 1, 0.000461233289917861, -0.951065067666770, 0.0125)
(1, -1, 0.000466998705625299, -0.929786800345010, 0.012345679012345678)
(-1, 1, 0.000472764121317214, -0.904839129692805, 0.012195121951219513)
(1, -1, 0.000478529536993414, -0.876320511684948, 0.012048192771084338)
(1, 1, 0.000484294952653708, -0.844343495038906, 0.011904761904761904)
(-1, -1, 0.000490060368297904, -0.809034277041343, 0.011764705882352941)
(1, 1, 0.000495825783925811, -0.770532205510562, 0.011627906976744186)
(-1, -1, 0.000501591199537236, -0.728989228860385, 0.011494252873563218)
(1, 1, 0.000507356615131988, -0.684569296435780, 0.011363636363636364)
(1, -1, 0.000513122030709876, -0.637447711486822, 0.011235955056179775)
(-1, 1, 0.000518887446270707, -0.587810439334467, 0.011111111111111112)
(1, -1, 0.000524652861814291, -0.535853373458471, 0.01098901098901099)
(1, 1, 0.000530418277340435, -0.481781562403828, 0.010869565217391304)
(1, -1, 0.000536183692848948, -0.425808400556750, 0.010752688172043012)
(-1, 1, 0.000541949108339639, -0.368154785983783, 0.010638297872340425)
(-1, -1, 0.000547714523812315, -0.309048248657657, 0.010526315789473684)
(-1, 1, 0.000553479939266785, -0.248722052510312, 0.010416666666666666)
(1, -1, 0.000559245354702857, -0.187414274856866, 0.010309278350515464)
(1, 1, 0.000565010770120340, -0.125366866823554, 0.01020408163265306)
(1, -1, 0.000570776185519042, -0.0628246984876872, 0.010101010101010102)
(1, 1, 0.000576541600898771, -0.0000345924979634529, 0.01)
(-1, -1, 0.000582307016259336, 0.0627556500110432, 0.009900990099009901)
(-1, 1, 0.000588072431600545, 0.125298227365985, 0.00980392156862745)
(-1, -1, 0.000593837846922207, 0.187346315303971, 0.009708737864077669)
(-1, 1, 0.000599603262224129, 0.248655041064447, 0.009615384615384616)
(-1, -1, 0.000605368677506121, 0.308982449779472, 0.009523809523809525)
(1, 1, 0.000611134092767990, 0.368090459348532, 0.009433962264150943)
(1, -1, 0.000616899508009545, 0.425745800029480, 0.009345794392523364)
(-1, 1, 0.000622664923230594, 0.481720935037501, 0.009259259259259259)
(1, -1, 0.000628430338430946, 0.535794958518970, 0.009174311926605505)
(-1, 1, 0.000634195753610409, 0.587754467356334, 0.00909090909090909)
(-1, -1, 0.000639961168768791, 0.637394403363451, 0.009009009009009009)
(-1, 1, 0.000645726583905901, 0.684518862547664, 0.008928571428571428)
(-1, -1, 0.000651491999021547, 0.728941868244849, 0.008849557522123894)
(-1, 1, 0.000657257414115537, 0.770488105076260, 0.008771929824561403)
(-1, -1, 0.000663022829187680, 0.808993610830626, 0.008695652173913044)
(1, 1, 0.000668788244237784, 0.844306423540964, 0.008620689655172414)
(-1, -1, 0.000674553659265657, 0.876287181202435, 0.008547008547008548)
(1, 1, 0.000680319074271109, 0.904809671764462, 0.00847457627118644)
(-1, -1, 0.000686084489253946, 0.929761331226542, 0.008403361344537815)
(1, 1, 0.000691849904213978, 0.951043687872044, 0.008333333333333333)
(1, -1, 0.000697615319151013, 0.968572750886810, 0.008264462809917356)
(-1, 1, 0.000703380734064860, 0.982279341828876, 0.00819672131147541)
(1, -1, 0.000709146148955325, 0.992109367641176, 0.008130081300813009)
(-1, 1, 0.000714911563822219, 0.998024034129770, 0.008064516129032258)
(-1, -1, 0.000720676978665349, 0.999999999065124, 0.008)
(-1, 1, 0.000726442393484524, 0.998029464302210, 0.007936507936507936)
(-1, -1, 0.000732207808279552, 0.992120206555882, 0.007874015748031496)
(1, 1, 0.000737973223050241, 0.982295546710074, 0.0078125)
(-1, -1, 0.000743738637796400, 0.968594257781941, 0.007751937984496124)
(1, 1, 0.000749504052517837, 0.951070411904153, 0.007692307692307693)
(-1, -1, 0.000755269467214361, 0.929793166929244, 0.007633587786259542)
(-1, 1, 0.000761034881885779, 0.904846493498167, 0.007575757575757576)
(-1, -1, 0.000766800296531900, 0.876328843650181, 0.007518796992481203)
(-1, 1, 0.000772565711152534, 0.844352762281913, 0.007462686567164179)
(1, -1, 0.000778331125747486, 0.809044442988952, 0.007407407407407408)
(1, 1, 0.000784096540316568, 0.770543230042864, 0.007352941176470588)
(-1, -1, 0.000789861954859585, 0.729001068469067, 0.0072992700729927005)
(-1, 1, 0.000795627369376348, 0.684581904395829, 0.007246376811594203)
(1, -1, 0.000801392783866665, 0.637461038040927, 0.007194244604316547)
(1, 1, 0.000807158198330342, 0.587824431889387, 0.007142857142857143)
(1, -1, 0.000812923612767190, 0.535867976792592, 0.0070921985815602835)
(-1, 1, 0.000818689027177016, 0.481796718885097, 0.007042253521126761)
(-1, -1, 0.000824454441559629, 0.425824050370117, 0.006993006993006993)
(1, 1, 0.000830219855914838, 0.368170867367264, 0.006944444444444444)
(-1, -1, 0.000835985270242449, 0.309064698146078, 0.006896551724137931)
(-1, 1, 0.000841750684542273, 0.248738805185772, 0.00684931506849315)
(-1, -1, 0.000847516098814116, 0.187431264604935, 0.006802721088435374)
(1, 1, 0.000853281513057788, 0.125384026594197, 0.006756756756756757)
(-1, -1, 0.000859046927273098, 0.0628419605598745, 0.006711409395973154)
(-1, 1, 0.000864812341459852, 0.0000518887469322435, 0.006666666666666667)
(-1, -1, 0.000870577755617860, -0.0627383878449343, 0.006622516556291391)
(1, 1, 0.000876343169746930, -0.125281067407870, 0.006578947368421052)
(1, -1, 0.000882108583846870, -0.187329325275619, 0.006535947712418301)
(-1, 1, 0.000887873997917489, -0.248638288016999, 0.006493506493506494)
(1, -1, 0.000893639411958595, -0.308965999828826, 0.0064516129032258064)
(1, 1, 0.000899404825969996, -0.368074377414413, 0.00641025641025641)
(1, -1, 0.000905170239951501, -0.425730149579235, 0.006369426751592357)
(-1, 1, 0.000910935653902918, -0.481705777835629, 0.006329113924050633)
(-1, -1, 0.000916701067824056, -0.535780354383363, 0.006289308176100629)
(-1, 1, 0.000922466481714723, -0.587740473922208, 0.00625)
(-1, -1, 0.000928231895574726, -0.637381075855890, 0.006211180124223602)
(1, 1, 0.000933997309403876, -0.684506253563674, 0.006172839506172839)
(1, -1, 0.000939762723201979, -0.728930027545780, 0.006134969325153374)
(-1, 1, 0.000945528136968844, -0.770477079391428, 0.006097560975609756)
(1, -1, 0.000951293550704281, -0.808983443672893, 0.006060606060606061)
(1, 1, 0.000957058964408096, -0.844297155035014, 0.006024096385542169)
(1, -1, 0.000962824378080098, -0.876278847926426, 0.005988023952095809)
(1, 1, 0.000968589791720096, -0.904802306605663, 0.005952380952380952)
(1, -1, 0.000974355205327898, -0.929754963251551, 0.005917159763313609)
(-1, 1, 0.000980120618903313, -0.951038342212072, 0.0058823529411764705)
(1, -1, 0.000985886032446148, -0.968568448638503, 0.005847953216374269)
(1, 1, 0.000991651445956213, -0.982276099971056, 0.005813953488372093)
(1, -1, 0.000997416859433314, -0.992107198967833, 0.005780346820809248)
(-1, 1, 0.00100318227287726, -0.998022947199574, 0.005747126436781609)
