469.951750078685
(1, -1, 5.76505660942896e-6, 0.951055091084666, 1.0)
(1, 1, 0.0000115301132186663, 0.587792714713500, 0.5)
(-1, -1, 0.0000172951698275205, -0.587774058567162, 0.3333333333333333)
(1, 1, 0.0000230602264357998, -0.951062216934805, 0.25)
(-1, -1, 0.0000288252830433127, -0.0000230602264357998, 0.2)
(-1, 1, 0.0000345903396498675, 0.951047964728781, 0.16666666666666666)
(1, -1, 0.0000403553962552728, 0.587811370547266, 0.14285714285714285)
(1, 1, 0.0000461204528593367, -0.587755402108260, 0.125)
(1, -1, 0.0000518855094618679, -0.951069342279194, 0.1111111111111111)
(-1, 1, 0.0000576505660626745, -0.0000461204528593367, 0.1)
(-1, -1, 0.0000634156226615651, 0.951040837867153, 0.09090909090909091)
(-1, 1, 0.0000691806792583480, 0.587830026068449, 0.08333333333333333)
(1, -1, 0.0000749457358528317, -0.587736745336805, 0.07692307692307693)
(1, 1, 0.0000807107924448244, -0.951076467117828, 0.07142857142857142)
(1, -1, 0.0000864758490341347, -0.0000691806792583480, 0.06666666666666667)
(1, 1, 0.0000922409056205708, 0.951033710499786, 0.0625)
(1, -1, 0.0000980059622039413, 0.587848681277040, 0.058823529411764705)
(1, 1, 0.000103771018784054, -0.587718088252807, 0.05555555555555555)
(1, -1, 0.000109536075360719, -0.951083591450705, 0.05263157894736842)
(-1, 1, 0.000115301131933742, -0.0000922409056205708, 0.05)
(-1, -1, 0.000121066188502934, 0.951026582626684, 0.047619047619047616)
(-1, 1, 0.000126831245068102, 0.587867336173027, 0.045454545454545456)
(-1, -1, 0.000132596301629054, -0.587699430856276, 0.043478260869565216)
(-1, 1, 0.000138361358185600, -0.951090715277821, 0.041666666666666664)
(1, -1, 0.000144126414737547, -0.000115301131933742, 0.04)
(1, 1, 0.000149891471284703, 0.951019454247851, 0.038461538461538464)
(-1, -1, 0.000155656527826878, 0.587885990756402, 0.037037037037037035)
(1, 1, 0.000161421584363880, -0.587680773147221, 0.03571428571428571)
(-1, -1, 0.000167186640895517, -0.951097838599171, 0.034482758620689655)
(1, 1, 0.000172951697421597, -0.000138361358185600, 0.03333333333333333)
(1, -1, 0.000178716753941929, 0.951012325363290, 0.03225806451612903)
(1, 1, 0.000184481810456321, 0.587904645027155, 0.03125)
(1, -1, 0.000190246866964581, -0.587662115125653, 0.030303030303030304)
(1, 1, 0.000196011923466519, -0.951104961414752, 0.029411764705882353)
(-1, -1, 0.000201776979961942, -0.000161421584363880, 0.02857142857142857)
(1, 1, 0.000207542036450658, 0.951005195973006, 0.027777777777777776)
(1, -1, 0.000213307092932477, 0.587923298985275, 0.02702702702702703)
(1, 1, 0.000219072149407207, -0.587643456791582, 0.02631578947368421)
(-1, -1, 0.000224837205874655, -0.951112083724560, 0.02564102564102564)
(-1, 1, 0.000230602262334631, -0.000184481810456321, 0.025)
(-1, -1, 0.000236367318786942, 0.950998066077002, 0.024390243902439025)
(-1, 1, 0.000242132375231398, 0.587941952630753, 0.023809523809523808)
(1, -1, 0.000247897431667806, -0.587624798145017, 0.023255813953488372)
(-1, 1, 0.000253662488095975, -0.951119205528591, 0.022727272727272728)
(-1, -1, 0.000259427544515713, -0.000207542036450658, 0.022222222222222223)
(-1, 1, 0.000265192600926829, 0.950990935675282, 0.021739130434782608)
(-1, -1, 0.000270957657329132, 0.587960605963578, 0.02127659574468085)
(-1, 1, 0.000276722713722428, -0.587606139185969, 0.020833333333333332)
(1, -1, 0.000282487770106528, -0.951126326826842, 0.02040816326530612)
(1, 1, 0.000288252826481238, -0.000230602262334631, 0.02)
(-1, -1, 0.000294017882846369, 0.950983804767849, 0.0196078431372549)
(1, 1, 0.000299782939201727, 0.587979258983741, 0.019230769230769232)
(1, -1, 0.000305547995547122, -0.587587479914447, 0.018867924528301886)
(-1, 1, 0.000311313051882362, -0.951133447619308, 0.018518518518518517)
(1, -1, 0.000317078108207255, -0.000253662488095975, 0.01818181818181818)
(1, 1, 0.000322843164521609, 0.950976673354708, 0.017857142857142856)
(-1, -1, 0.000328608220825234, 0.587997911691233, 0.017543859649122806)
(-1, 1, 0.000334373277117937, -0.587568820330461, 0.017241379310344827)
(-1, -1, 0.000340138333399527, -0.951140567905987, 0.01694915254237288)
(1, 1, 0.000345903389669812, -0.000276722713722428, 0.016666666666666666)
(-1, -1, 0.000351668445928601, 0.950969541435863, 0.01639344262295082)
(1, 1, 0.000357433502175701, 0.588016564086042, 0.016129032258064516)
(1, -1, 0.000363198558410922, -0.587550160434021, 0.015873015873015872)
(1, 1, 0.000368963614634072, -0.951147687686873, 0.015625)
(-1, -1, 0.000374728670844959, -0.000299782939201727, 0.015384615384615385)
(1, 1, 0.000380493727043392, 0.950962409011316, 0.015151515151515152)
(1, -1, 0.000386258783229178, 0.588035216168159, 0.014925373134328358)
(1, 1, 0.000392023839402127, -0.587531500225137, 0.014705882352941176)
(1, -1, 0.000397788895562047, -0.951154806961964, 0.014492753623188406)
(-1, 1, 0.000403553951708746, -0.000322843164521609, 0.014285714285714285)
(1, -1, 0.000409319007842032, 0.950955276081072, 0.014084507042253521)
(1, 1, 0.000415084063961714, 0.588053867937574, 0.013888888888888888)
(1, -1, 0.000420849120067601, -0.587512839703819, 0.0136986301369863)
(1, 1, 0.000426614176159500, -0.951161925731255, 0.013513513513513514)
(-1, -1, 0.000432379232237220, -0.000345903389669812, 0.013333333333333334)
(1, 1, 0.000438144288300570, 0.950948142645135, 0.013157894736842105)
(-1, -1, 0.000443909344349358, 0.588072519394278, 0.012987012987012988)
(-1, 1, 0.000449674400383392, -0.587494178870077, 0.01282051282051282)
(-1, -1, 0.000455439456402480, -0.951169043994744, 0.012658227848101266)
(-1, 1, 0.000461204512406432, -0.000368963614634072, 0.0125)
(1, -1, 0.000466969568395055, 0.950941008703508, 0.012345679012345678)
(-1, 1, 0.000472734624368159, 0.588091170538260, 0.012195121951219513)
(-1, -1, 0.000478499680325550, -0.587475517723921, 0.012048192771084338)
(-1, 1, 0.000484264736267038, -0.951176161752425, 0.011904761904761904)
(-1, -1, 0.000490029792192431, -0.000392023839402127, 0.011764705882352941)
(1, 1, 0.000495794848101537, 0.950933874256196, 0.011627906976744186)
(1, -1, 0.000501559903994165, 0.588109821369510, 0.011494252873563218)
(-1, 1, 0.000507324959870124, -0.587456856265361, 0.011363636363636364)
(1, -1, 0.000513090015729221, -0.951183279004295, 0.011235955056179775)
(-1, 1, 0.000518855071571265, -0.000415084063961714, 0.011111111111111112)
(1, -1, 0.000524620127396064, 0.950926739303202, 0.01098901098901099)
(-1, 1, 0.000530385183203428, 0.588128471888019, 0.010869565217391304)
(-1, -1, 0.000536150238993163, -0.587438194494407, 0.010752688172043012)
(-1, 1, 0.000541915294765079, -0.951190395750351, 0.010638297872340425)
(-1, -1, 0.000547680350518984, -0.000438144288300570, 0.010526315789473684)
(-1, 1, 0.000553445406254687, 0.950919603844529, 0.010416666666666666)
(1, -1, 0.000559210461971995, 0.588147122093776, 0.010309278350515464)
(1, 1, 0.000564975517670717, -0.587419532411068, 0.01020408163265306)
(-1, -1, 0.000570740573350662, -0.951197511990589, 0.010101010101010102)
(1, 1, 0.000576505629011638, -0.000461204512406432, 0.01)
(-1, -1, 0.000582270684653453, 0.950912467880182, 0.009900990099009901)
(-1, 1, 0.000588035740275915, 0.588165771986772, 0.00980392156862745)
(-1, -1, 0.000593800795878834, -0.587400870015355, 0.009708737864077669)
(1, 1, 0.000599565851462018, -0.951204627725004, 0.009615384615384616)
(1, -1, 0.000605330907025274, -0.000484264736267038, 0.009523809523809525)
(1, 1, 0.000611095962568412, 0.950905331410165, 0.009433962264150943)
(-1, -1, 0.000616861018091239, 0.588184421566996, 0.009345794392523364)
(-1, 1, 0.000622626073593564, -0.587382207307277, 0.009259259259259259)
(1, -1, 0.000628391129075196, -0.951211742953593, 0.009174311926605505)
(1, 1, 0.000634156184535943, -0.000507324959870124, 0.00909090909090909)
(-1, -1, 0.000639921239975613, 0.950898194434481, 0.009009009009009009)
(1, 1, 0.000645686295394015, 0.588203070834440, 0.008928571428571428)
(1, -1, 0.000651451350790956, -0.587363544286844, 0.008849557522123894)
(-1, 1, 0.000657216406166247, -0.951218857676353, 0.008771929824561403)
(1, -1, 0.000662981461519693, -0.000530385183203428, 0.008695652173913044)
(-1, 1, 0.000668746516851106, 0.950891056953134, 0.008620689655172414)
(1, -1, 0.000674511572160292, 0.588221719789092, 0.008547008547008548)
(-1, 1, 0.000680276627447059, -0.587344880954067, 0.00847457627118644)
(1, -1, 0.000686041682711218, -0.951225971893279, 0.008403361344537815)
(1, 1, 0.000691806737952575, -0.000553445406254687, 0.008333333333333333)
(1, -1, 0.000697571793170939, 0.950883918966127, 0.008264462809917356)
(-1, 1, 0.000703336848366119, 0.588240368430943, 0.00819672131147541)
(1, -1, 0.000709101903537923, -0.587326217308955, 0.008130081300813009)
(1, 1, 0.000714866958686159, -0.951233085604368, 0.008064516129032258)
(-1, -1, 0.000720632013810636, -0.000576505629011638, 0.008)
(1, 1, 0.000726397068911162, 0.950876780473465, 0.007936507936507936)
(1, -1, 0.000732162123987546, 0.588259016759983, 0.007874015748031496)
(1, 1, 0.000737927179039595, -0.587307553351518, 0.0078125)
(-1, -1, 0.000743692234067119, -0.951240198809616, 0.007751937984496124)
(-1, 1, 0.000749457289069926, -0.000599565851462018, 0.007692307692307693)
(1, -1, 0.000755222344047824, 0.950869641475152, 0.007633587786259542)
(1, 1, 0.000760987399000621, 0.588277664776203, 0.007575757575757576)
(1, -1, 0.000766752453928127, -0.587288889081767, 0.007518796992481203)
(1, 1, 0.000772517508830148, -0.951247311509019, 0.007462686567164179)
(1, -1, 0.000778282563706494, -0.000622626073593564, 0.007407407407407408)
(1, 1, 0.000784047618556974, 0.950862501971191, 0.007352941176470588)
(1, -1, 0.000789812673381395, 0.588296312479591, 0.0072992700729927005)
(1, 1, 0.000795577728179565, -0.587270224499710, 0.007246376811594203)
(1, -1, 0.000801342782951294, -0.951254423702573, 0.007194244604316547)
(-1, 1, 0.000807107837696390, -0.000645686295394015, 0.007142857142857143)
(1, -1, 0.000812872892414661, 0.950855361961586, 0.0070921985815602835)
(1, 1, 0.000818637947105915, 0.588314959870139, 0.007042253521126761)
(-1, -1, 0.000824403001769961, -0.587251559605358, 0.006993006993006993)
(1, 1, 0.000830168056406608, -0.951261535390275, 0.006944444444444444)
(1, -1, 0.000835933111015663, -0.000668746516851106, 0.006896551724137931)
(1, 1, 0.000841698165596935, 0.950848221446341, 0.00684931506849315)
(-1, -1, 0.000847463220150232, 0.588333606947836, 0.006802721088435374)
(1, 1, 0.000853228274675363, -0.587232894398721, 0.006756756756756757)
(-1, -1, 0.000858993329172137, -0.951268646572121, 0.006711409395973154)
(-1, 1, 0.000864758383640361, -0.000691806737952575, 0.006666666666666667)
(-1, -1, 0.000870523438079844, 0.950841080425459, 0.006622516556291391)
(1, 1, 0.000876288492490394, 0.588352253712673, 0.006578947368421052)
(1, -1, 0.000882053546871820, -0.587214228879809, 0.006535947712418301)
(-1, 1, 0.000887818601223931, -0.951275757248107, 0.006493506493506494)
(-1, -1, 0.000893583655546534, -0.000714866958686159, 0.0064516129032258064)
(-1, 1, 0.000899348709839437, 0.950833938898945, 0.00641025641025641)
(1, -1, 0.000905113764102451, 0.588370900164639, 0.006369426751592357)
(-1, 1, 0.000910878818335382, -0.587195563048632, 0.006329113924050633)
(-1, -1, 0.000916643872538039, -0.951282867418229, 0.006289308176100629)
(-1, 1, 0.000922408926710231, -0.000737927179039595, 0.00625)
(-1, -1, 0.000928173980851765, 0.950826796866801, 0.006211180124223602)
(1, 1, 0.000933939034962451, 0.588389546303725, 0.006172839506172839)
(-1, -1, 0.000939704089042097, -0.587176896905199, 0.006134969325153374)
(-1, 1, 0.000945469143090511, -0.951289977082483, 0.006097560975609756)
(-1, -1, 0.000951234197107501, -0.000760987399000621, 0.006060606060606061)
(-1, 1, 0.000956999251092876, 0.950819654329033, 0.006024096385542169)
(1, -1, 0.000962764305046445, 0.588408192129921, 0.005988023952095809)
(-1, 1, 0.000968529358968015, -0.587158230449521, 0.005952380952380952)
(1, -1, 0.000974294412857395, -0.951297086240866, 0.005917159763313609)
(-1, 1, 0.000980059466714394, -0.000784047618556974, 0.0058823529411764705)
(1, -1, 0.000985824520538819, 0.950812511285644, 0.005847953216374269)
(1, 1, 0.000991589574330480, 0.588426837643216, 0.005813953488372093)
(1, -1, 0.000997354628089185, -0.587139563681607, 0.005780346820809248)
(1, 1, 0.00100311968181474, -0.951304194893374, 0.005747126436781609)
