510.396378860986
(1, -1, 4.88759204874113e-6, 0.0000488759204681463, 1.0)
(1, 1, 9.77518409736550e-6, 0.0000977518408195350, 0.5)
(1, -1, 0.0000146627761457563, 0.000146627760937409, 0.3333333333333333)
(1, 1, 0.0000195503681937969, 0.000195503680705010, 0.25)
(1, -1, 0.0000244379602413705, 0.000244379600005581, 0.2)
(1, 1, 0.0000293255522883602, 0.000293255518722365, 0.16666666666666666)
(1, -1, 0.0000342131443346495, 0.000342131436738603, 0.14285714285714285)
(1, 1, 0.0000391007363801214, 0.000391007353937539, 0.125)
(1, -1, 0.0000439883284246592, 0.000439883270202415, 0.1111111111111111)
(1, 1, 0.0000488759204681463, 0.000488759185416473, 0.1)
(-1, -1, 0.0000537635125104657, 0.000537635099462956, 0.09090909090909091)
(1, 1, 0.0000586511045515009, 0.000586511012225106, 0.08333333333333333)
(1, -1, 0.0000635386965911349, 0.000635386923586166, 0.07692307692307693)
(1, 1, 0.0000684262886292511, 0.000684262833429379, 0.07142857142857142)
(1, -1, 0.0000733138806657327, 0.000733138741637987, 0.06666666666666667)
(1, 1, 0.0000782014727004629, 0.000782014648095232, 0.0625)
(1, -1, 0.0000830890647333250, 0.000830890552684356, 0.058823529411764705)
(1, 1, 0.0000879766567642022, 0.000879766455288604, 0.05555555555555555)
(-1, -1, 0.0000928642487929778, 0.000928642355791216, 0.05263157894736842)
(1, 1, 0.0000977518408195350, 0.000977518254075436, 0.05)
(1, -1, 0.000102639432843757, 0.00102639415002451, 0.047619047619047616)
(-1, 1, 0.000107527024865527, 0.00107527004352167, 0.045454545454545456)
(-1, -1, 0.000112414616884729, 0.00112414593445017, 0.043478260869565216)
(1, 1, 0.000117302208901245, 0.00117302182269324, 0.041666666666666664)
(1, -1, 0.000122189800914959, 0.00122189770813414, 0.04)
(1, 1, 0.000127077392925754, 0.00127077359065609, 0.038461538461538464)
(1, -1, 0.000131964984933513, 0.00131964947014236, 0.037037037037037035)
(1, 1, 0.000136852576938120, 0.00136852534647617, 0.03571428571428571)
(1, -1, 0.000141740168939457, 0.00141740121954077, 0.034482758620689655)
(1, 1, 0.000146627760937409, 0.00146627708921941, 0.03333333333333333)
(-1, -1, 0.000151515352931858, 0.00151515295539532, 0.03225806451612903)
(1, 1, 0.000156402944922687, 0.00156402881795175, 0.03125)
(-1, -1, 0.000161290536909780, 0.00161290467677194, 0.030303030303030304)
(1, 1, 0.000166178128893020, 0.00166178053173913, 0.029411764705882353)
(1, -1, 0.000171065720872291, 0.00171065638273657, 0.02857142857142857)
(1, 1, 0.000175953312847475, 0.00175953222964750, 0.027777777777777776)
(-1, -1, 0.000180840904818455, 0.00180840807235516, 0.02702702702702703)
(-1, 1, 0.000185728496785116, 0.00185728391074280, 0.02631578947368421)
(1, -1, 0.000190616088747340, 0.00190615974469365, 0.02564102564102564)
(1, 1, 0.000195503680705010, 0.00195503557409096, 0.025)
(-1, -1, 0.000200391272658010, 0.00200391139881798, 0.024390243902439025)
(1, 1, 0.000205278864606223, 0.00205278721875794, 0.023809523809523808)
(-1, -1, 0.000210166456549532, 0.00210166303379408, 0.023255813953488372)
(-1, 1, 0.000215054048487820, 0.00215053884380966, 0.022727272727272728)
(1, -1, 0.000219941640420972, 0.00219941464868791, 0.022222222222222223)
(-1, 1, 0.000224829232348869, 0.00224829044831208, 0.021739130434782608)
(-1, -1, 0.000229716824271395, 0.00229716624256540, 0.02127659574468085)
(1, 1, 0.000234604416188434, 0.00234604203133113, 0.020833333333333332)
(1, -1, 0.000239492008099868, 0.00239491781449250, 0.02040816326530612)
(1, 1, 0.000244379600005581, 0.00244379359193276, 0.02)
(1, -1, 0.000249267191905456, 0.00249266936353515, 0.0196078431372549)
(1, 1, 0.000254154783799377, 0.00254154512918291, 0.019230769230769232)
(1, -1, 0.000259042375687226, 0.00259042088875928, 0.018867924528301886)
(1, 1, 0.000263929967568887, 0.00263929664214752, 0.018518518518518517)
(-1, -1, 0.000268817559444244, 0.00268817238923086, 0.01818181818181818)
(1, 1, 0.000273705151313178, 0.00273704812989254, 0.017857142857142856)
(-1, -1, 0.000278592743175574, 0.00278592386401581, 0.017543859649122806)
(1, 1, 0.000283480335031315, 0.00283479959148390, 0.017241379310344827)
(-1, -1, 0.000288367926880284, 0.00288367531218008, 0.01694915254237288)
(1, 1, 0.000293255518722365, 0.00293255102598756, 0.016666666666666666)
(1, -1, 0.000298143110557440, 0.00298142673278961, 0.01639344262295082)
(-1, 1, 0.000303030702385392, 0.00303030243246946, 0.016129032258064516)
(1, -1, 0.000307918294206106, 0.00307917812491035, 0.015873015873015872)
(1, 1, 0.000312805886019464, 0.00312805380999554, 0.015625)
(1, -1, 0.000317693477825349, 0.00317692948760825, 0.015384615384615385)
(-1, 1, 0.000322581069623646, 0.00322580515763174, 0.015151515151515152)
(-1, -1, 0.000327468661414236, 0.00327468081994924, 0.014925373134328358)
(1, 1, 0.000332356253197003, 0.00332355647444400, 0.014705882352941176)
(-1, -1, 0.000337243844971831, 0.00337243212099927, 0.014492753623188406)
(1, 1, 0.000342131436738603, 0.00342130775949829, 0.014285714285714285)
(1, -1, 0.000347019028497202, 0.00347018338982429, 0.014084507042253521)
(1, 1, 0.000351906620247511, 0.00351905901186053, 0.013888888888888888)
(1, -1, 0.000356794211989413, 0.00356793462549024, 0.0136986301369863)
(-1, 1, 0.000361681803722792, 0.00361681023059668, 0.013513513513513514)
(1, -1, 0.000366569395447531, 0.00366568582706307, 0.013333333333333334)
(-1, 1, 0.000371456987163513, 0.00371456141477268, 0.013157894736842105)
(-1, -1, 0.000376344578870622, 0.00376343699360873, 0.012987012987012988)
(1, 1, 0.000381232170568740, 0.00381231256345447, 0.01282051282051282)
(1, -1, 0.000386119762257752, 0.00386118812419315, 0.012658227848101266)
(1, 1, 0.000391007353937539, 0.00391006367570801, 0.0125)
(1, -1, 0.000395894945607986, 0.00395893921788229, 0.012345679012345678)
(-1, 1, 0.000400782537268975, 0.00400781475059923, 0.012195121951219513)
(1, -1, 0.000405670128920390, 0.00405669027374209, 0.012048192771084338)
(1, 1, 0.000410557720562115, 0.00410556578719410, 0.011904761904761904)
(1, -1, 0.000415445312194032, 0.00415444129083850, 0.011764705882352941)
(-1, 1, 0.000420332903816024, 0.00420331678455855, 0.011627906976744186)
(1, -1, 0.000425220495427975, 0.00425219226823748, 0.011494252873563218)
(-1, 1, 0.000430108087029769, 0.00430106774175853, 0.011363636363636364)
(1, -1, 0.000434995678621287, 0.00434994320500496, 0.011235955056179775)
(1, 1, 0.000439883270202415, 0.00439881865785999, 0.011111111111111112)
(1, -1, 0.000444770861773034, 0.00444769410020689, 0.01098901098901099)
(-1, 1, 0.000449658453333028, 0.00449656953192889, 0.010869565217391304)
(-1, -1, 0.000454546044882280, 0.00454544495290923, 0.010752688172043012)
(-1, 1, 0.000459433636420674, 0.00459432036303116, 0.010638297872340425)
(-1, -1, 0.000464321227948093, 0.00464319576217792, 0.010526315789473684)
(1, 1, 0.000469208819464420, 0.00469207115023276, 0.010416666666666666)
(1, -1, 0.000474096410969538, 0.00474094652707891, 0.010309278350515464)
(1, 1, 0.000478984002463331, 0.00478982189259963, 0.01020408163265306)
(-1, -1, 0.000483871593945681, 0.00483869724667816, 0.010101010101010102)
(1, 1, 0.000488759185416473, 0.00488757258919774, 0.01)
(1, -1, 0.000493646776875588, 0.00493644792004161, 0.009900990099009901)
(1, 1, 0.000498534368322912, 0.00498532323909303, 0.00980392156862745)
(1, -1, 0.000503421959758326, 0.00503419854623522, 0.009708737864077669)
(1, 1, 0.000508309551181713, 0.00508307384135144, 0.009615384615384616)
(1, -1, 0.000513197142592958, 0.00513194912432493, 0.009523809523809525)
(1, 1, 0.000518084733991944, 0.00518082439503894, 0.009433962264150943)
(-1, -1, 0.000522972325378553, 0.00522969965337671, 0.009345794392523364)
(1, 1, 0.000527859916752670, 0.00527857489922147, 0.009259259259259259)
(1, -1, 0.000532747508114176, 0.00532745013245649, 0.009174311926605505)
(-1, 1, 0.000537635099462956, 0.00537632535296499, 0.00909090909090909)
(-1, -1, 0.000542522690798892, 0.00542520056063023, 0.009009009009009009)
(1, 1, 0.000547410282121869, 0.00547407575533545, 0.008928571428571428)
(1, -1, 0.000552297873431768, 0.00552295093696390, 0.008849557522123894)
(-1, 1, 0.000557185464728474, 0.00557182610539881, 0.008771929824561403)
(-1, -1, 0.000562073056011870, 0.00562070126052343, 0.008695652173913044)
(1, 1, 0.000566960647281838, 0.00566957640222101, 0.008620689655172414)
(1, -1, 0.000571848238538263, 0.00571845153037479, 0.008547008547008548)
(-1, 1, 0.000576735829781027, 0.00576732664486802, 0.00847457627118644)
(1, -1, 0.000581623421010014, 0.00581620174558393, 0.008403361344537815)
(1, 1, 0.000586511012225106, 0.00586507683240578, 0.008333333333333333)
(1, -1, 0.000591398603426188, 0.00591395190521680, 0.008264462809917356)
(1, 1, 0.000596286194613142, 0.00596282696390025, 0.00819672131147541)
(-1, -1, 0.000601173785785851, 0.00601170200833937, 0.008130081300813009)
(-1, 1, 0.000606061376944199, 0.00606057703841740, 0.008064516129032258)
(1, -1, 0.000610948968088070, 0.00610945205401759, 0.008)
(1, 1, 0.000615836559217346, 0.00615832705502317, 0.007936507936507936)
(1, -1, 0.000620724150331910, 0.00620720204131740, 0.007874015748031496)
(1, 1, 0.000625611741431646, 0.00625607701278353, 0.0078125)
(-1, -1, 0.000630499332516437, 0.00630495196930479, 0.007751937984496124)
(1, 1, 0.000635386923586166, 0.00635382691076442, 0.007692307692307693)
(-1, -1, 0.000640274514640717, 0.00640270183704569, 0.007633587786259542)
(-1, 1, 0.000645162105679973, 0.00645157674803182, 0.007575757575757576)
(-1, -1, 0.000650049696703817, 0.00650045164360607, 0.007518796992481203)
(-1, 1, 0.000654937287712132, 0.00654932652365168, 0.007462686567164179)
(1, -1, 0.000659824878704801, 0.00659820138805189, 0.007407407407407408)
(1, 1, 0.000664712469681708, 0.00664707623668995, 0.007352941176470588)
(-1, -1, 0.000669600060642736, 0.00669595106944911, 0.0072992700729927005)
(-1, 1, 0.000674487651587769, 0.00674482588621261, 0.007246376811594203)
(-1, -1, 0.000679375242516689, 0.00679370068686369, 0.007194244604316547)
(1, 1, 0.000684262833429379, 0.00684257547128560, 0.007142857142857143)
(-1, -1, 0.000689150424325724, 0.00689145023936159, 0.0070921985815602835)
(1, 1, 0.000694038015205605, 0.00694032499097489, 0.007042253521126761)
(-1, -1, 0.000698925606068907, 0.00698919972600877, 0.006993006993006993)
(1, 1, 0.000703813196915513, 0.00703807444434645, 0.006944444444444444)
(1, -1, 0.000708700787745306, 0.00708694914587119, 0.006896551724137931)
(1, 1, 0.000713588378558169, 0.00713582383046623, 0.00684931506849315)
(1, -1, 0.000718475969353985, 0.00718469849801482, 0.006802721088435374)
(-1, 1, 0.000723363560132638, 0.00723357314840021, 0.006756756756756757)
(1, -1, 0.000728251150894011, 0.00728244778150563, 0.006711409395973154)
(1, 1, 0.000733138741637987, 0.00733132239721433, 0.006666666666666667)
(-1, -1, 0.000738026332364449, 0.00738019699540956, 0.006622516556291391)
(-1, 1, 0.000742913923073281, 0.00742907157597457, 0.006578947368421052)
(1, -1, 0.000747801513764366, 0.00747794613879260, 0.006535947712418301)
(-1, 1, 0.000752689104437586, 0.00752682068374690, 0.006493506493506494)
(-1, -1, 0.000757576695092827, 0.00757569521072071, 0.0064516129032258064)
(1, 1, 0.000762464285729970, 0.00762456971959727, 0.00641025641025641)
(1, -1, 0.000767351876348898, 0.00767344421025984, 0.006369426751592357)
(1, 1, 0.000772239466949496, 0.00772231868259167, 0.006329113924050633)
(1, -1, 0.000777127057531646, 0.00777119313647598, 0.006289308176100629)
(1, 1, 0.000782014648095232, 0.00782006757179604, 0.00625)
(-1, -1, 0.000786902238640136, 0.00786894198843508, 0.006211180124223602)
(1, 1, 0.000791789829166242, 0.00791781638627636, 0.006172839506172839)
(1, -1, 0.000796677419673434, 0.00796669076520312, 0.006134969325153374)
(-1, 1, 0.000801565010161594, 0.00801556512509861, 0.006097560975609756)
(-1, -1, 0.000806452600630606, 0.00806443946584606, 0.006060606060606061)
(1, 1, 0.000811340191080353, 0.00811331378732874, 0.006024096385542169)
(-1, -1, 0.000816227781510719, 0.00816218808942988, 0.005988023952095809)
(1, 1, 0.000821115371921585, 0.00821106237203273, 0.005952380952380952)
(1, -1, 0.000826002962312837, 0.00825993663502055, 0.005917159763313609)
(1, 1, 0.000830890552684356, 0.00830881087827656, 0.0058823529411764705)
(-1, -1, 0.000835778143036027, 0.00835768510168402, 0.005847953216374269)
(-1, 1, 0.000840665733367732, 0.00840655930512619, 0.005813953488372093)
(-1, -1, 0.000845553323679355, 0.00845543348848629, 0.005780346820809248)
(1, 1, 0.000850440913970779, 0.00850430765164759, 0.005747126436781609)
(1, -1, 0.000855328504241887, 0.00855318179449332, 0.005714285714285714)
(-1, 1, 0.000860216094492563, 0.00860205591690674, 0.005681818181818182)
(-1, -1, 0.000865103684722689, 0.00865093001877108, 0.005649717514124294)
(1, 1, 0.000869991274932149, 0.00869980409996961, 0.0056179775280898875)
