1.19
0.36
1.49
2.57
1.6
0.56
-0.54
-1.69
-0.89
-0.12
-1.35
-0.58
0.21
1.06
-0.05
0.91
-0.06
-0.96
0.18
-0.62
-1.41
-0.18
1.02
0.2
1.33
0.39
1.39
0.31
-0.83
-0.03
0.73
-0.52
-1.78
-1.01
-0.19
0.69
-0.35
-1.31
-0.17
1.05
0.34
1.69
1.07
0.46
-0.16
-0.82
-1.55
-0.35
0.75
-0.24
-1.32
-0.49
0.26
-1.03
-0.36
0.3
0.98
1.69
2.46
1.29
0.19
-0.83
-1.8
-0.71
-1.59
-0.47
0.65
-0.27
0.75
-0.3
0.57
-0.67
0.0
0.58
1.08
1.52
1.9
0.26
0.62
-1.01
-0.61
-0.15
0.35
-1.08
-0.44
0.24
-1.03
-0.26
0.52
1.32
0.1
0.88
1.63
2.36
1.07
-0.24
0.46
-0.84
-2.11
-1.34
-0.52
0.37
-0.66
-1.61
-0.48
-1.27
0.01
1.34
2.7
2.09
1.46
0.82
0.14
-0.6
-1.39
-2.26
-1.19
-2.18
-1.23
-0.31
0.59
1.48
0.38
1.31
0.28
1.29
0.36
-0.51
-1.33
-0.11
1.14
0.41
-0.32
-1.06
-1.82
-0.63
0.52
-0.38
0.68
1.68
0.65
-0.42
-1.49
-0.56
0.38
-0.64
0.38
-0.54
0.61
-0.19
1.09
0.42
-0.2
-0.78
-1.34
0.11
-0.44
-1.03
0.35
1.68
0.95
0.16
-0.7
-1.62
-0.6
-1.64
-0.71
0.18
1.06
-0.06
0.83
-0.26
0.69
1.68
0.73
-0.17
0.98
0.2
-0.53
-1.2
-1.84
-0.43
-1.01
-1.57
-0.13
-0.71
0.69
0.05
-0.64
0.62
-0.2
0.92
1.95
0.91
-0.2
0.62
-0.62
0.1
0.77
-0.56
0.09
-1.24
-0.54
-1.8
-1.0
-0.15
0.78
1.76
0.81
-0.09
-0.94
0.23
1.4
0.57
1.69
0.77
-0.23
-1.32
-0.51
0.19
-1.21
-0.73
-0.34
-0.05
0.18
0.36
0.51
0.67
0.85
1.08
1.39
1.79
0.3
-1.08
-0.32
0.56
1.56
0.68
-0.1
-0.8
-1.44
-2.04
-0.61
-1.19
-1.79
-0.44
0.85
0.07
1.2
2.24
1.19
0.04
-1.2
-0.52
0.09
0.65
1.17
1.66
2.15
0.65
-0.82
-2.25
-1.63
-0.94
-2.18
-1.34
-0.42
0.58
1.65
2.78
1.97
1.2
0.47
-0.25
-0.96
0.33
-0.4
-1.15
0.07
-0.74
-1.58
-0.45
-1.34
-0.26
-1.19
-0.13
0.93
-0.02
1.04
0.11
1.18
2.24
1.3
0.34
-0.65
0.33
-0.73
-1.85
-1.03
-0.28
0.4
-0.99
-0.44
0.05
0.49
0.9
1.29
1.67
0.06
0.47
0.91
-0.6
-0.07
0.51
1.14
1.8
0.49
-0.8
-0.08
-1.37
-0.68
-0.01
-1.37
-0.77
-0.2
0.35
0.88
1.41
1.96
0.55
1.2
1.93
0.76
-0.3
-1.24
-2.04
-0.71
-1.26
-1.7
-0.05
-0.33
-0.57
-0.78
0.98
0.71
0.37
-0.07
-0.61
-1.26
-0.05
1.04
2.02
0.89
-0.34
-1.63
-0.98
-0.36
0.26
-1.11
-0.44
0.27
1.03
1.85
0.74
-0.31
0.69
-0.25
0.84
-0.04
-0.89
-1.74
-0.58
0.58
-0.26
-1.11
0.04
-0.82
0.34
1.51
0.7
-0.08
1.16
0.45
-0.23
-0.87
-1.47
-2.04
-0.59
-1.13
0.34
-0.19
-0.75
0.67
2.04
1.37
0.65
-0.13
-0.97
-1.87
-0.82
0.18
-0.86
0.08
0.99
-0.11
-1.2
-0.28
0.66
1.63
0.63
1.68
0.76
-0.12
-0.96
-1.78
-2.58
-1.36
-0.14
-0.93
0.27
1.44
2.58
1.69
0.75
-0.22
-1.24
-0.3
0.61
-0.51
-1.66
-0.82
0.0
-1.18
-0.36
0.47
1.31
2.16
1.03
-0.09
-1.19
-0.27
0.66
1.61
0.57
-0.45
-1.45
-0.42
-1.37
-0.27
-1.14
0.04
-0.72
0.58
-0.05
1.39
0.89
0.46
0.08
-0.25
-0.54
-0.81
-1.09
-1.38
-1.7
-2.08
-0.53
0.93
2.3
1.57
0.73
-0.21
-1.24
-0.35
-1.53
-0.76
-0.02
0.71
1.45
0.22
1.02
-0.12
0.79
-0.24
0.79
-0.12
-1.0
-1.84
-0.66
-1.48
-0.3
0.85
-0.02
1.07
0.13
1.14
2.13
1.09
0.03
-1.03
-2.09
-1.13
-0.14
-1.13
-0.07
-0.98
0.15
1.3
0.48
1.66
0.84
-0.0
-0.88
0.21
-0.76
0.21
-0.88
-0.02
-1.22
-0.45
0.29
1.02
1.76
0.53
1.35
0.24
-0.79
-1.73
-2.57
-1.3
0.07
1.53
1.08
0.7
0.38
0.09
-0.19
-0.46
-0.75
-1.08
-1.46
-1.89
-0.39
-0.95
0.42
-0.28
0.96
0.14
1.27
0.37
1.42
0.45
-0.55
-1.57
-0.61
0.34
1.27
0.19
-0.91
-2.03
-1.16
-0.31
0.53
1.36
0.18
1.0
1.82
0.66
-0.49
0.39
1.3
0.24
-0.78
-1.75
-2.69
-1.58
-0.44
0.73
-0.07
1.14
2.36
1.58
0.78
-0.04
-0.88
-1.76
-0.68
-1.63
-0.63
0.34
1.28
0.2
-0.89
0.01
0.92
-0.14
0.82
1.82
0.87
-0.03
-0.87
-1.65
-2.37
-1.04
0.33
-0.25
-0.81
0.66
0.13
1.59
1.04
0.47
-0.13
-0.77
-1.45
-0.16
-0.92
-1.7
-0.51
0.66
-0.18
0.96
0.11
-0.74
0.42
1.58
0.74
-0.11
-0.96
0.16
-0.75
0.31
-0.69
-1.74
-0.85
-0.03
0.73
1.44
0.11
0.74
1.36
1.98
0.63
-0.66
-1.89
-1.02
-0.04
1.05
0.26
-0.39
-0.93
-1.37
-1.71
0.02
-0.22
-0.43
-0.67
1.05
0.7
0.26
1.71
1.04
0.24
-0.7
-1.76
-0.93
-0.2
-1.55
-0.96
-0.41
0.12
0.65
1.2
1.77
0.37
1.01
1.68
0.37
1.08
-0.2
-1.49
-0.8
-0.14
0.49
1.07
-0.4
0.09
0.53
-1.06
-0.67
-0.29
0.1
0.51
0.95
1.44
-0.01
0.6
1.28
2.03
0.85
-0.27
0.67
-0.35
-1.34
-2.3
-1.24
-0.18
-1.11
-0.04
-0.98
0.07
1.13
0.19
1.26
0.34
1.45
0.58
-0.26
0.93
0.15
-0.6
0.67
-0.04
-0.75
-1.47
-2.2
-2.97
-1.78
-0.65
0.42
1.42
2.34
1.18
1.94
2.63
1.25
-0.18
-1.65
-1.15
-0.66
-0.17
0.35
0.91
1.52
0.2
-1.04
-2.19
-1.24
-0.2
-1.07
0.15
1.44
0.79
0.19
1.61
1.04
0.44
-0.2
-0.9
-1.68
-0.56
0.44
1.32
0.08
-1.3
-0.79
-0.39
-0.08
0.15
0.33
0.49
0.64
0.82
1.05
1.34
1.73
0.21
0.81
1.51
0.32
-0.77
-1.77
-0.69
-1.57
-0.4
0.77
-0.06
-0.91
-1.81
-0.76
0.22
1.15
2.0
0.8
1.54
0.24
0.91
-0.44
0.23
0.9
-0.38
0.38
-0.8
-1.91
-0.95
0.08
-0.8
0.38
-0.36
-1.05
0.31
-0.29
1.13
0.57
0.01
1.43
0.84
0.2
-0.47
-1.2
0.02
-0.83
-1.73
-0.68
0.31
-0.74
0.17
-0.94
-0.06
0.82
1.71
0.64
1.6
0.62
-0.3
-1.16
-1.95
-0.68
0.65
0.03
-0.56
0.89
0.34
-0.22
-0.8
-1.42
-0.09
-0.81
0.39
-0.46
0.62
-0.36
0.62
1.56
0.49
-0.58
-1.65
-0.68
0.32
-0.62
0.48
1.63
0.82
0.06
-0.68
-1.41
-0.14
1.11
0.33
-0.49
-1.36
-0.29
-1.28
-0.31
-1.38
-0.48
0.41
1.31
2.23
1.18
2.19
1.26
0.39
-0.4
-1.14
-1.82
-2.46
-3.09
-1.7
-0.34
0.99
0.27
1.48
0.61
-0.34
0.63
1.52
2.34
1.11
-0.16
0.54
-0.76
-2.07
-1.36
-0.63
0.12
-1.1
-0.32
0.48
1.26
0.03
0.76
1.44
0.08
0.65
1.15
1.61
0.01
0.38
-1.26
-0.9
-0.52
-0.08
0.42
1.0
-0.33
0.43
-0.7
0.25
-0.73
0.35
1.47
0.59
1.71
0.8
-0.17
-1.19
-2.29
-1.46
-0.69
0.02
0.7
1.36
0.03
0.74
1.49
0.32
-0.76
0.25
1.35
0.55
-0.18
-0.84
-1.46
-2.07
-0.69
-1.34
-0.05
1.17
0.31
-0.65
0.31
1.19
2.01
0.78
-0.48
0.27
1.03
-0.17
-1.31
-0.39
-1.39
-0.33
-1.2
-0.02
1.18
0.41
-0.38
0.82
-0.04
-0.94
0.09
-0.95
-0.06
0.79
1.58
0.35
1.12
1.89
0.69
-0.46
-1.56
-2.6
-1.57
-0.49
-1.36
-0.19
0.0
