0.89
1.59
0.21
0.82
1.44
0.03
0.52
0.89
1.24
1.7
0.38
-0.68
0.41
1.5
0.45
1.24
-0.03
0.79
-0.17
1.1
0.51
-0.11
1.09
0.05
0.8
1.44
0.06
0.73
1.42
0.08
0.67
1.14
1.54
-0.05
0.49
1.3
0.44
-0.11
-0.48
1.18
0.69
-0.03
1.0
-0.14
0.61
1.28
1.85
0.25
0.5
0.65
0.86
1.23
1.81
0.56
-0.63
0.18
0.97
1.82
0.76
-0.27
0.56
1.08
1.19
1.04
0.96
1.32
0.3
-0.18
-0.44
1.12
0.31
1.24
0.27
-0.26
-0.22
0.15
0.37
-0.01
0.85
1.17
1.46
0.2
-0.38
-0.4
-0.24
1.66
1.03
-0.12
0.37
0.71
1.09
1.57
0.2
1.05
0.21
-0.3
-0.58
1.15
0.61
1.61
0.15
0.42
0.7
1.21
0.05
1.2
0.57
0.09
-0.29
-0.63
0.88
2.03
0.66
0.76
0.6
0.62
1.2
0.46
0.17
-0.15
0.99
1.37
1.15
0.78
0.74
1.27
0.24
1.31
0.12
0.56
0.82
1.3
0.32
-0.04
0.04
0.19
0.08
-0.44
0.73
1.76
0.82
-0.03
-0.82
0.37
1.56
0.81
0.23
-0.14
-0.35
-0.5
1.25
0.85
0.28
-0.39
0.86
0.0
0.97
1.69
0.18
0.52
0.89
1.44
0.3
-0.51
0.95
0.54
0.14
-0.33
1.08
0.42
-0.27
1.06
0.44
-0.2
1.05
0.09
0.89
1.51
0.1
0.83
-0.21
0.97
0.24
1.45
0.5
-0.59
0.32
1.38
0.7
0.24
-0.11
-0.48
1.03
0.44
-0.18
1.21
0.59
-0.11
0.0
