0.02
0.2
0.6
1.12
-0.37
-0.01
0.23
0.48
0.96
-0.21
-1.03
0.31
-0.39
0.71
-0.41
0.4
-0.68
0.46
-0.17
-0.73
0.57
-0.42
0.23
0.63
0.93
-0.67
-0.05
0.82
-0.12
-1.0
0.08
1.1
0.12
-0.76
-1.41
0.22
0.07
-0.02
-0.22
-0.63
-1.27
-0.06
1.12
0.3
-0.56
0.43
-0.79
-0.18
0.41
1.17
0.21
-0.53
-1.24
-0.15
0.65
1.27
-0.07
-1.09
0.25
-0.18
-0.74
0.28
0.75
0.82
0.85
-0.82
-0.0
-0.76
0.69
0.11
-0.64
0.48
-0.38
-1.11
0.35
-0.03
-0.29
-0.48
-0.65
-0.87
0.69
-0.19
0.39
0.49
0.43
0.65
-0.46
-0.8
-0.62
-0.38
-0.56
0.59
1.16
-0.56
-0.25
0.22
0.78
1.25
-0.44
-0.16
0.41
-0.44
-0.62
-0.38
-0.2
-0.54
0.35
0.57
0.51
0.61
-0.81
0.31
-0.13
-0.35
-0.52
-0.71
-0.97
0.65
0.11
-0.62
0.52
-0.36
-1.11
0.31
-0.24
1.0
-0.18
0.15
0.18
0.25
0.72
-0.26
-0.82
0.75
0.09
-0.93
-0.27
0.35
1.15
0.24
-0.47
-1.21
-0.17
0.59
1.18
-0.21
0.57
-0.44
-1.3
-0.12
1.06
0.27
-0.37
-0.78
-0.98
-1.07
0.78
0.41
-0.24
-1.12
-0.1
0.92
0.0
-0.88
0.18
1.05
-0.33
0.07
0.37
0.77
-0.58
0.43
-0.27
-0.83
0.54
-0.32
0.6
-0.59
0.29
-0.61
0.69
0.03
-0.79
0.04
0.52
0.77
1.01
-0.63
-0.12
0.4
0.8
0.98
0.0
