-0.45
1.06
0.76
-0.87
1.35
0.91
2.94
-0.15
0.94
-0.62
1.88
0.45
1.29
1.56
0.52
0.95
1.71
0.92
1.5
0.38
2.53
0.86
0.14
-0.73
0.6
0.52
1.81
2.06
1.44
0.03
0.96
2.25
1.2
2.5
0.91
2.91
2.61
2.24
3.34
-0.28
0.08
1.16
1.13
2.46
1.02
2.17
1.92
-0.19
0.45
0.4
1.31
-0.19
2.5
2.12
1.13
0.18
1.13
0.43
2.12
0.71
1.87
1.06
2.89
1.3
1.6
-0.82
0.14
-0.14
1.62
1.43
0.99
0.37
1.51
0.81
0.36
1.69
2.33
2.21
1.03
1.84
2.15
0.23
0.6
0.28
-0.08
0.27
0.41
1.36
1.74
0.51
0.08
1.38
0.94
1.33
1.07
0.25
-0.55
2.29
-0.63
0.48
