14.430249830585907
1.4107964275228313
7.265121368596382
-2.6417289748294746
6.038575010825999
-2.627030875288841
0.10859674006718673
-4.0225667856315575
12.50737178001376
4.03284918843884
0.3847575168161958
-2.9672357136181553
1.7406294893577494
1.1008595207720366
57.78969559326062
9.652852682599043
23.33834154182118
17.799093035388708
12.1511600158927
6.676024467378355
-1.3980689441819059
15.211612233548552
2.348264156186255
7.774391096133663
6.213152759143561
-10.074201676211468
2.21697257739075
15.200177093057611
-2.660493124426843
8.006570436281109
50.8602262724307
5.138886653174642
36.823388037931586
14.80180795021378
21.3219013465059
3.7957333624480434
40.53784689402658
6.740869527561419
0.6529695036887266
10.022919749662247
4.090539083492726
11.56674537371561
16.152344005494932
38.41475255718001
59.2779418841737
8.535561610117986
6.43546880266934
52.43091424181769
13.28006663796987
6.205686122211247
15.330368640351274
-3.062545331481206
4.181749196566986
8.046755702118906
13.80809788272472
-1.9087686922360552
5.226473370194551
27.13069412195318
5.921601318931459
12.244159762411927
31.811803016132668
-3.282818672551761
23.4207217501339
1.9357511044726163
-1.7292378756264744
12.38852021467385
-3.510692710610994
0.8723348101197469
8.627197614810312
50.50053867462347
0.2571314832846453
7.361740495060769
3.258733104690856
4.766539441281361
12.46157511665561
4.687752674975521
4.528634539893379
1.5205592494122504
2.694141376698842
4.916613189285576
12.688197586457887
56.54727571836724
2.6161398551972863
12.62709483174233
-5.0658033807586165
0.5967024431191389
13.284888329357807
28.612678812707422
4.133861180548
2.2487786087329256
11.248797357483696
59.93750672415481
10.672647399233975
11.098581851025621
5.7664104171607935
23.52814649484308
25.431211706920884
-8.202437726311853
2.332724334827485
10.27440699164659
3.617418609493232
-0.022920485118709585
41.0426322655381
-5.447537342596662
-4.364639839665696
18.34741033818017
-1.7810577251866504
4.511485561546973
14.011406866464236
56.78227231422858
-2.5902019376114387
-8.935937618159025
-8.74949517571124
3.2904483180423765
-1.207825244287995
-5.875377369103442
11.717504752804208
23.17197950085246
5.319654931632475
6.285005570783552
26.246435608053094
13.124083976799296
5.076778577644791
3.342728200225301
8.646361922193105
9.267215990759336
5.544125215726797
0.267830354083197
-0.03525435154148496
60.47060251091101
24.056765134286202
10.592741759910261
12.618178564083134
-5.0363294909664535
33.96996500384559
-5.8233874693126895
27.918445080995085
47.356541175158256
9.74403107037375
-2.2697786122862973
-5.843184561132498
-3.411828617608207
3.7802859626558583
5.012168661333678
11.217628235385972
59.192678163916284
5.355050264894425
-6.8119935778804095
4.849239495511605
16.895553137884356
53.26024634011845
12.452293661237533
10.427772884879948
-4.0626575093756525
15.354007498687453
0.6296106228116685
10.499294221918786
38.92928066970396
9.418782070846527
2.8662865958833024
3.5604621008858994
3.5109380610026655
-2.629209132243074
3.3325535290994988
4.232887618153378
7.330084524233949
7.279484638062849
2.3386550662253693
-1.9506104924901027
1.357641245753114
10.789171739071044
6.316624446101953
-1.1007211404563715
5.533553480066187
-3.2902092910710317
-7.119459059030386
4.271466637806063
32.211591950159644
32.355573484472735
25.473977760559844
3.856447620764517
3.8695160412431813
9.290602268612759
-2.8565038683820827
9.31069242439438
2.7314722441137937
2.760367682636808
-16.10654799569198
7.074084905709613
-4.002404693043707
12.654676575868278
-4.139709260921673
-2.2623688494798166
6.140803052115567
14.634072788948492
1.6059412635967405
20.96622047295321
18.15898754371507
22.054987645181917
51.989754819042986
2.9426024478308106
-1.0599609657157187
5.132355186206826
8.808638254875502
34.08892068623426
36.44331727190549
6.193475942230987
-3.763837118575988
-4.493817510794914
13.139684992752088
24.012879847465403
13.864907035572255
5.8801284699360385
-5.594502778234897
46.05890206654292
9.039049750327422
2.369432095820709
42.202562704439416
5.89291521700459
7.9472726082229865
27.997038088338282
1.644921858845246
-0.18305346112732274
0.8480297285789792
10.16496429842145
-0.933565121453862
5.637224978618851
9.048541044026152
9.674831758893164
4.629503836595051
5.033663524314964
0.5794880835246008
28.895337128424856
7.637554056116476
-1.5701335204583518
1.346207478943387
-3.0611868644109275
-0.11984522510151166
5.799168694050689
11.195606903197271
-0.6658604969739813
-1.0608825942385045
52.117046983734255
41.96571063684984
-0.3942234042664691
12.401699733954452
-5.062683668180344
76.19993233118959
15.267056669809048
5.665803765125492
43.21449530867696
0.00613003311700413
3.814677455313954
-1.025906580554942
4.868527382219225
-7.089205858110769
-6.112431149280123
56.377123934446224
3.0205420278795914
17.63629429237108
7.003729547289048
11.183786855779543
0.6493349489490011
1.198793058600172
11.318031288744663
0.5890228359046428
31.56045544177167
25.278900477030025
9.48783606337382
42.87127085551051
0.0006346183543932565
4.0459801954796335
-5.136271570940594
2.85168106629903
-4.557134951324823
-11.657642748932547
37.358239020470826
0.6183888002208052
6.316980682928806
3.070494323026571
39.36247208508735
-5.049405140102836
5.795163400309204
4.015933069432781
7.031177628511313
-2.4064706737881125
12.043668894865023
34.111865728917614
17.858457035641283
-5.159439699467051
1.5720820864267113
1.346713967097031
29.28499696735218
11.244023101627304
-18.781900051628813
26.21786915122986
10.088023316869423
-0.21668158934663334
10.772252992271225
-0.8362282627207785
10.462216758456712
47.725985619280316
-0.8404035358231867
13.365519924920712
7.603288261349292
0.10563466436760362
4.576929396062882
0.8659652400724484
8.653997878112097
8.595967005086084
0.3579824089757293
2.5323554834061586
10.844862630427064
6.887259893397448
8.577290453479886
-2.9160058012361194
-3.3513290162361056
-8.214900493812413
5.690428968122702
4.791581856558382
37.315392556497684
22.115390383341026
7.3669111891356875
-6.814725004847072
9.798840172863398
7.085240618729917
0.8596734061617272
4.329784746616971
13.883814876216546
1.4951433980833546
6.598846156841902
0.09234398285986103
-10.729965214278899
-4.622316332109749
0.03393320278408811
22.08645334400651
-4.990086699254192
-0.6923215117182021
21.099675948275564
5.7069716535285
26.065887329832503
32.50784887894502
3.844120218481647
2.360929167021685
-2.9975132802018276
0.9603282053615907
10.349997704521636
10.931185959636696
3.8109953691328085
6.636562084631314
10.307095869160685
10.339983748057623
-6.2307137158408805
-4.2978110765368625
-8.675698473661923
17.117747554076207
5.251433569701299
2.3868302283778626
24.90878930278742
3.9738721874264424
12.561273855468206
19.621494454112334
15.207298154090523
3.114213150943551
-2.2275335162507286
46.75884053151537
-4.213669338240846
19.008356548496344
6.899716923407737
4.744025071932754
30.083538092315603
-4.0066558360523885
0.2932409201733159
6.745975851904104
-1.9573984442277028
4.946985963529584
-0.139617109138986
1.667290264485452
31.14573252525487
0.7737399200679344
-6.966607980845791
-1.7187764486392265
14.251474540066638
7.516935885820967
9.126139691939436
15.118155252736269
5.280466562097736
1.5101133731431178
0.5468620541033569
-1.3002805027446716
3.290055540714555
28.372524790568338
6.662229064974317
29.177982924853293
1.8363518278239408
7.367584738357134
23.901766066606008
16.12378882690402
4.157754132371296
-0.38412539464464013
-5.086819642561501
20.257983816880078
5.035861057191776
1.7641172321584717
-4.788752789913255
-8.142016095659416
15.17564738996203
14.883197562061499
1.4624031642994215
1.8606290722356724
-3.59924855154343
4.883218752988111
4.5846666803761575
13.447838982631746
3.2417274113974974
15.77060368592409
6.3451734699756175
11.381129651031499
-5.090501340263412
4.087101662632047
5.408958461937663
68.43716938908457
-2.649283587141228
-4.5548296292438035
8.600285991754895
14.131445112983384
-4.174422520932638
18.200908452668347
25.090598820643635
2.0170295228719675
13.672437505764684
9.33390591186407
-1.5784368629248424
15.048069179290959
3.253903110336379
4.75016628092587
-2.005418657063502
5.304480969184433
27.365138450556813
19.318111059216896
-9.05381912972109
-3.1653841523218884
14.941649475139574
4.065571376171695
-0.7764188846707648
6.604011799453834
1.4119036745301903
5.778154578130888
22.23975806726079
7.956513786844242
1.05638021659665
65.72749489770877
-4.492810976941406
-4.864096915192743
8.434344393898362
-11.068385053883441
-10.38259507310948
8.136025370722702
0.28636683474152025
-5.284836458346282
-7.022765761875078
-13.30106598606412
9.115683650519822
-1.830290059176362
23.0639591993655
-6.838966541147894
40.78385619531812
-7.764626227829437
4.224777051975123
8.784550488237013
-3.065564333640681
17.832028929436888
-3.014243153467307
19.57043641343249
3.0740343490835813
4.579977620182614
17.519688404148265
-3.469981254846877
9.090560232368563
-3.669640047197741
6.385933892390919
-9.468558995600494
15.000645187939336
7.595734333634521
2.0476445211074403
10.592471220932067
3.23820797911728
-1.6527687899142107
11.908485300907705
-5.988854670638211
-2.118462765085503
2.376094235133045
4.191619113993582
1.0773841649895644
28.634583176247265
9.31497284859756
-3.6794365389693127
27.899338402083252
63.38478735750286
18.086587886036558
21.913463496290785
-4.794308443239731
5.028767519684023
26.894752673395725
39.8400277533283
5.3920784107604645
-0.9248640445820859
-2.1397689072614643
8.332996484629431
-6.4402454478113045
3.397539111797669
4.057084974822461
9.619790005948483
2.064653992154971
-3.5023893957473082
46.13291891194855
68.39389800242807
18.22043171407644
6.323660437414098
1.223317037453952
-2.579321676494981
17.355606497909854
43.42495134213216
1.9668627513367085
46.978425635405685
2.9730269844277255
6.598385751065146
12.048479440329409
-1.1385830302132822
33.20260159662459
1.839130107351416
18.939410762592573
14.369414303258221
20.580137866750352
4.859931471865253
0.3333463361179484
11.033421775660184
-1.279322608079152
-2.8962332882205617
4.197810990267205
0.4503825999551666
5.350206119440134
-5.092319333915645
8.301702057461245
7.598067634048439
6.490521906098772
32.34348277855118
-11.079959017148733
5.668494997431499
-2.0239916556796307
10.172583301040511
-5.286578829061646
6.814562598290323
-2.8558359880548516
22.467710266297082
22.467309973697592
-5.7966897325742455
-0.10178869889908516
11.592501372373771
4.421525580642503
7.0844380398730324
7.918681155711837
16.919893896497495
23.74405496332405
-2.308393636719373
1.126073061411855
42.72479030885012
0.8020569793002161
68.1424527434772
-0.14931544277330525
0.6123119070390852
10.539415721802795
-1.077694842893039
0.21555190864253979
-1.8303096194040624
49.6289961610684
47.02630228267054
10.784969371811826
19.230571825248898
9.844815583741587
3.581726863146278
16.873430647655947
-2.1992534809317985
16.909853971577494
-7.729338802319055
-11.20143640182161
25.95302959393488
2.263177921803267
10.495547329185621
-10.110080896292795
-6.246109029776614
-0.34494248597512345
5.771613004091763
12.42131995348388
4.679041503283409
16.08366663875126
14.367803032056091
44.64783302682595
52.24160714893091
9.860121461582102
41.96775789572565
7.513613408198623
14.978111498819683
12.063616809166568
3.410761021808484
3.1054249006806094
1.3529681880449664
-0.01289403742088084
16.793102465005603
2.8327232328209306
0.7670362572606862
8.025393568896753
6.7141715844807095
1.5015111171917017
-6.14812310801852
-1.4052961209658958
-0.42634791540995803
2.0255149479328423
4.635868334343973
5.363022625016586
1.1579317180936135
23.769127843009784
1.936988968150169
-0.2543183548300317
-3.7091336761781055
4.998104730058858
-6.7475589337983015
-2.2753341524360895
-4.560087775114211
-1.6436162365573723
5.452601214494011
2.815299539497034
7.577880956773697
1.8060802212801592
-2.832638923512235
9.352174573936578
-3.421668042705703
-0.09987160065059102
-2.525626236902196
2.3906088425053666
3.622070966917634
-0.3798478668437624
-2.977926064226149
1.6926645529166762
28.41290481433018
37.47220453927111
23.336364836745737
-2.3077725353853857
29.950592135925287
3.579930143521216
-5.168056442486611
-4.985366924713579
58.790519361648585
29.63371671406881
9.452043039568581
6.483114674927916
-2.153191757226474
19.558473030502842
14.988953283928618
-2.2242080638641024
-0.6843030894137943
7.021445270376893
6.827197680613921
-4.677538860178391
30.25491279388722
20.68755607411637
-2.8072196417452626
-1.5347534740243973
1.3600832940450371
14.354885470145968
47.004666599544365
4.751115323842111
4.787804130764293
8.796799144068764
17.745114531775844
3.6424876775671873
10.662949447738114
-4.401977845099764
10.89080022006405
36.42580268960287
-5.574395132958496
-2.468886033282822
20.960272555229228
1.9195200556222924
3.1177302871853283
44.15996947221662
19.126643153978975
17.06419287000494
-0.862408613577761
-2.815800838859228
10.139084179398349
-5.773142106323132
1.5258707255887312
-2.0679539514116922
-2.2693069666675165
4.4519174587142505
-2.275685663039878
7.896943391104582
-6.079470268826828
-1.406175393275662
-5.867750560775658
2.025957154473298
0.16812566862177056
-2.754662157099273
3.9793610118531553
8.167066966080593
-8.317410568419236
-8.399305609170062
47.65744494228627
6.624819690184891
4.684309456615502
8.101782897429414
22.362236382047765
-3.8232984995019295
18.613422947875925
-3.549943980430222
2.4734755466051697
8.363973185464069
6.8808152108997716
15.858311474048499
16.250860321029677
0.7365634576254093
-1.490215611530086
56.131662269916866
7.982344212781269
-9.162062914398055
6.926574343234033
12.985319702902723
-2.0555891665966226
2.6970390291858646
5.2816969822695246
-8.869093794796509
17.429188135267545
3.825563801271842
21.768831293313642
6.7864050091683
55.532996002462355
40.608589228777205
-1.9464634731141435
0.7371468025940867
12.532510479908971
-2.315119276484064
8.029403459604302
49.29940478485514
-1.2940745096345452
6.654157441606749
11.359817081316807
15.5291877778335
18.68533240376794
10.419111174965694
3.5450962431975555
32.21514975781374
7.3184139350562845
1.1348569147043739
11.121591318459602
5.553928413940932
4.067183273130633
14.830868970080287
6.304178825076847
0.7011856764665789
6.0090748984249975
2.8831575066400026
-0.3483032978185415
24.84965451980624
6.986306701598049
35.694411988464104
-3.2115295488584485
20.13888506893898
1.1712541897894568
7.13329772057927
-1.1702629200397532
56.351068754512035
4.501786538328999
46.59287134371734
17.500213579764335
43.36736842090682
0.7307729727115577
39.37641411337808
26.244419895589555
14.561556097762006
2.000466594273623
-5.806835422846765
10.660262046455152
8.847248502225208
1.3640867374550367
4.710700668570307
16.582931942430488
32.76062956397641
15.47055598591448
58.123654142679094
2.5798580372772175
67.42887303718551
2.6919393992589877
6.476720720105852
59.35468254869776
5.193462888167645
37.172647055659475
-8.783946831836952
23.274608929716777
42.987112402354555
38.511789739192835
9.030527698427065
16.507515809826337
-19.741019401772633
53.69959338078506
1.5382492210274505
6.977130645313427
14.424861393554417
12.527347091465165
46.730951933469605
53.00660008900898
-0.7859810953051402
12.215368445877084
12.001974076223133
27.626586187299438
16.85489026494843
-0.910607112197468
-8.361638588704377
-5.301898469023452
9.187331494700436
42.717132987042085
41.628252990953555
4.880284575570535
4.635813276676865
4.311293820833067
15.505157103773847
13.683283060819345
18.72903991173803
4.8226095544418515
25.377718141033636
-2.1161569005627228
6.301665373181268
6.669186420939416
0.46332810088545534
4.733882608796503
-2.4844380753437805
16.21493699018514
5.273473104278674
7.6569937836588595
8.279774883963274
0.8319821071235082
18.691507954798816
-2.9856483522918578
19.087469511278275
-3.17263474348212
18.98441145192657
17.003704937031348
-0.5888647045927247
47.900684020620815
10.581331945724955
32.95561127903638
-2.667439204805242
19.140187945663918
6.32505449939814
4.703547171017574
19.448482054659543
7.815327258244394
7.163483299084543
0.006213687846190011
-0.3379585050869833
3.420180391909738
0.29380098006872946
0.5934800965774206
-4.818870741546437
58.65752519172566
15.108609147505383
22.306717788639023
1.398149200572077
-10.789833997244507
38.23061081945066
-10.878609203904535
1.2663443401083287
-10.033078097444648
33.59052614785273
15.635857977209401
-2.8608261418567063
8.831172882597135
5.342360631093608
12.098971039291566
24.863581272784167
3.0983936869135804
16.411559252434216
10.666224805278626
-5.586440064023664
1.4248084071739135
-3.101150471754706
1.2960826921891035
12.000563651913929
23.56575296998668
31.57345038612966
19.8535988767245
0.6874082460582908
9.764687043905559
1.9622952960586262
46.78748122832568
2.6920806641700072
10.645858344421601
2.3137160450900054
61.389170263496254
34.06780390865126
3.8732893652348834
9.114315285169354
25.496279118763844
2.5647326048088757
1.9595764285777315
37.267865956317245
10.214233312752384
2.1998878861829825
8.261920711590275
15.363888809002933
7.134000223015989
31.62203149331651
7.454842965955816
9.595725443238642
5.817668881798265
7.665652784605222
14.087629288153108
-0.57884969313723
0.787071693193575
34.37785410557601
11.095295693286364
3.8815504074699265
-14.465607120640371
-0.1782785207731426
-5.58502599822537
3.70381602231474
-4.857953773542286
44.24909669215467
-1.0642171187884624
22.148994499898453
-1.1210858160944013
61.661283064717445
4.354481015266009
19.016764696615727
6.367865213077776
-9.45852792425678
1.1733290519165893
32.5307977821397
6.403757861408788
42.42798216233801
17.969619316998294
4.3918158796281395
4.225798611931582
34.04154304802656
-6.921757566830151
14.19269157622926
14.668351354297304
45.452578682500864
2.516347762762209
15.96743916663381
10.972669949694449
56.433991081319974
0.4614777466085181
25.969497590530725
-3.822457654988671
-6.820568460753195
6.186178271306819
-1.3306927204291374
5.524179099056494
6.943145906494619
6.297097274986176
-2.337731931758968
-3.208196703888834
4.53467847032709
1.3865245978924956
38.6319789666228
3.739134537668336
-3.320376088360281
1.4556616409907817
0.44366979408477025
10.127925377491126
35.23907315095507
19.663482025100347
17.282571827407565
7.206385583373809
-0.8686630722027047
7.678380964454863
-1.8293152075006587
-0.5534542985632849
4.389649937043952
18.932167883937982
1.7004494984627616
-3.6889744810822664
17.883071741126894
14.88596028325605
2.2111142610114998
59.54455952129565
20.64534329791912
-1.7119784069380057
13.269095796148747
18.96338408096475
8.326375811563802
49.07770022518465
29.245776832500592
-8.131177470171094
3.577345074170273
-3.7849297189197126
-2.8442079244322547
22.225337724995697
1.089139023638841
